    0.0678     8868.45
    0.1477     7093.58
    0.2447     6135.62
    0.3423     6135.62
    0.4278     6000.06
    0.4909     6000.06
    0.5664     5587.89
    0.6705     5380.95
    0.7616     5380.95
    0.8560     5380.95
    0.9589     5380.95
    1.0518     5380.95
    1.1358     5380.95
    1.1936     5380.95
    1.2678     5380.95
    1.3318     5380.95
    1.3998     5380.95
    1.4605     5380.95
    1.5287     5380.95
    1.6158     5380.95
    1.7158     5380.95
    1.7847     5380.95
    1.8683     5380.95
    1.9694     5280.29
    2.0304     5280.29
    2.1410     5280.29
    2.2438     5280.29
    2.3411     5226.85
    2.3797     5226.85
    2.4678     5226.85
    2.4932     5226.85
    2.5973     5226.85
    2.6758     5226.85
    4.1009     5226.85
    4.2101     5226.85
    4.3234     5226.85
    4.3933     5226.85
    4.4554     5136.74
    4.5754     5136.74
    4.6794     5136.74
    4.7251     5136.74
    4.8114     5136.74
    4.8714     5136.74
    4.9482     5136.74
    5.0571     5136.74
    5.1369     5136.74
    5.1999     5136.74
    5.3246     5136.74
    5.3874     5136.74
    5.4252     5136.74
    5.5465     4742.75
    5.6082     4742.75
    5.7041     4742.75
    5.8215     4742.75
    5.8994     4742.75
    6.0201     4742.75
    6.0809     4742.75
    6.1954     4742.75
    6.2834     4742.75
    6.3939     4742.75
    6.4554     4742.75
    6.4945     4742.75
    6.5609     4742.75
    6.6252     4742.75
    6.6914     4742.75
    6.7378     4742.75
    6.8023     4742.75
    6.8634     4742.75
    6.9367     4742.75
    6.9954     4742.75
    7.0539     4742.75
    7.1194     4742.75
    7.1735     4742.75
    7.2274     4742.75
    7.2954     4742.75
    7.4274     4742.75
    7.4820     4742.75
    7.5594     4742.75
    7.6405     4742.75
    7.7674     4742.75
    7.8594     4742.75
    7.9154     4742.75
    7.9888     4742.75
    8.0754     4742.75
    8.1806     4742.75
    8.2754     4742.75
    8.3477     4742.75
    8.4251     4742.75
    8.5034     4742.75
    8.5459     4742.75
    8.6074     4742.75
    8.6530     4742.75
    8.7094     4742.75
    8.7655     4742.75
    8.8274     4742.75
    8.8812     4742.75
    8.9304     4742.75
    9.0098     4742.75
    9.0633     4742.75
    9.1354     4742.75
    9.2004     4742.75
    9.2794     4742.75
    9.3191     4742.75
    9.3644     4742.75
    9.4200     4742.75
    9.4754     4742.75
    9.5656     4742.75
    9.6474     4742.75
    9.7155     4742.75
    9.8194     4742.75
    9.8918     4742.75
    9.9902     4742.75
   10.1074     4742.75
   10.1899     4742.75
   10.3301     4742.75
   10.4280     4742.75
   10.4951     4742.75
   10.5823     4742.75
   10.6931     4742.75
   10.7754     4742.75
   10.8359     4742.75
   10.9274     4742.75
   11.0041     4742.75
   11.0762     4742.75
   11.1406     4742.75
   11.2104     4742.75
   11.2665     4742.75
   11.3514     4742.75
   11.4247     4742.75
   11.4791     4742.75
   11.5554     4742.75
   11.6194     4742.75
   11.6703     4742.75
   11.7333     4742.75
   11.7941     4742.75
   11.8647     4742.75
   11.9314     4742.75
   12.0274     4742.75
   12.1514     4390.33
   12.2010     4390.33
   12.2759     4390.33
   12.3753     4390.33
   12.4834     4390.33
   12.5669     4390.33
   12.6608     4390.33
   12.7613     4390.33
   12.8761     4390.33
   12.9407     4390.33
   13.0274     4390.33
   13.0966     4390.33
   13.1874     4390.33
   13.2354     4390.33
   13.3399     4390.33
   13.4434     4390.33
   13.4881     4390.33
   13.6015     4390.33
   13.6460     4390.33
   13.7256     4390.33
   13.7914     4390.33
   13.9114     4390.33
   14.0078     4390.33
   14.0838     4390.33
   14.1638     4390.33
   14.2324     4390.33
   14.3203     4390.33
   14.4114     4390.33
   14.5194     4390.33
   14.5915     4390.33
   14.6919     4390.33
   14.7523     4390.33
   14.8314     4390.33
   14.8886     4390.33
   14.9599     4390.33
   15.0802     4390.33
   15.2287     4390.33
   15.3434     4390.33
   15.4679     4390.33
   15.6154     4390.33
   15.6801     4390.33
   15.7554     4390.33
   15.8394     4390.33
   15.9047     4390.33
   15.9634     4390.33
   16.0354     4390.33
   16.1249     4390.33
   16.1847     4390.33
   16.2479     4390.33
   16.3279     4390.33
   16.4194     4390.33
   16.5168     4390.33
   16.6394     4390.33
   16.6994     4390.33
   16.7954     4390.33
   16.8403     4390.33
   16.9474     4390.33
   17.0174     4390.33
   17.1329     4390.33
   17.2044     4390.33
   17.2729     4390.33
   17.3489     4390.33
   17.4214     4390.33
   17.5064     4390.33
   17.5834     4390.33
   17.6356     4390.33
   17.7229     4390.33
   17.7844     4390.33
   17.8416     4390.33
   17.9236     4390.33
   17.9933     4390.33
   18.0997     4390.33
   18.2177     4390.33
   18.2894     4390.33
   18.3834     4390.33
   18.4576     4390.33
   18.5314     4390.33
   18.6048     4390.33
   18.6738     4390.33
   18.7255     4390.33
   18.7874     4390.33
   18.8649     4390.33
   18.9649     4390.33
   19.0439     4390.33
   19.1274     4390.33
   19.2594     4390.33
   19.3421     4390.33
   19.4338     4390.33
   19.4896     4390.33
   19.5554     4390.33
   19.6209     4390.33
   19.7372     4390.33
   19.8063     4390.33
   19.8674     4390.33
   19.9755     4390.33
   20.0324     4390.33
   20.1091     4390.33
   20.1982     4390.33
   20.2714     4390.33
   20.3674     4390.33
   20.4940     4390.33
   20.5320     4390.33
   20.5754     4390.33
   20.6163     4390.33
   20.7034     4390.33
   20.7714     4390.33
   20.8178     4390.33
   20.8601     4390.33
   20.9274     4390.33
   20.9834     4390.33
   21.0325     4390.33
   21.0914     4390.33
   21.1449     4390.33
   21.1994     4390.33
   21.2474     4390.33
   21.3154     4390.33
   21.3765     4390.33
   21.4554     4390.33
   21.5154     4390.33
   21.5606     4390.33
   21.6017     4390.33
   21.6674     4390.33
   21.7314     4390.33
   21.7802     4390.33
   21.8474     4390.33
   21.8914     4390.33
   21.9489     4390.33
   22.0114     4390.33
   22.0714     4390.33
   22.1212     4390.33
   22.1781     4390.33
   22.2474     4390.33
   22.3182     4390.33
   22.3741     4390.33
   22.4442     4390.33
   22.5338     4390.33
   22.6402     4390.33
   22.7474     4390.33
   22.8874     4390.33
   22.9994     4390.33
   23.0474     4390.33
   23.1216     4390.33
   23.1834     4390.33
   23.2594     4390.33
   23.3194     4390.33
   23.3799     4390.33
   23.4444     4390.33
   23.5274     4390.33
   23.6160     4390.33
   23.6756     4390.33
   23.7554     4390.33
   23.8524     4390.33
   23.9181     4390.33
   24.0041     4390.33
   24.0897     4390.33
   24.1608     4390.33
   24.2491     4390.33
   24.3417     4390.33
   24.4488     4390.33
   24.5225     4390.33
   24.5794     4390.33
   24.6298     4390.33
   24.6994     4390.33
   24.7484     4390.33
   24.8380     4390.33
   24.9114     4390.33
   24.9944     4390.33
   25.0601     4390.33
   25.1132     4390.33
   25.2038     4390.33
   25.2794     4390.33
   25.3351     4188.01
   25.4154     4188.01
   25.4862     4188.01
   25.6092     4188.01
   25.6640     4188.01
   25.7754     4188.01
   25.8474     4188.01
   25.9083     4188.01
   25.9954     4188.01
   26.0514     4188.01
   26.1407     4188.01
   26.1790     4188.01
   26.2283     4188.01
   26.3394     4188.01
   26.4274     4188.01
   26.5234     4188.01
   26.5754     4188.01
   26.6314     4188.01
   26.7292     4188.01
   26.7834     4188.01
   26.8318     4188.01
   26.8841     4188.01
   26.9394     4188.01
   27.0034     4188.01
   27.1264     4188.01
   27.1854     4188.01
   27.2698     4188.01
   27.3463     4188.01
   27.4215     4188.01
   27.4827     4188.01
   27.6009     4188.01
   27.6980     4188.01
   27.7720     4188.01
   27.8516     4188.01
   27.9435     4188.01
   28.0594     4188.01
   28.1096     4188.01
   28.1941     4188.01
   28.3234     4188.01
   28.4252     4188.01
   28.5279     4188.01
   28.6565     4188.01
   28.7375     4188.01
   28.8388     4188.01
   28.9194     4188.01
   29.0514     4188.01
   29.1300     4188.01
   29.2057     4188.01
   29.3215     4188.01
   29.4398     4188.01
   29.5235     4188.01
   29.6039     4188.01
   29.6610     4188.01
   29.7239     4188.01
   29.7754     4188.01
   29.8234     4188.01
   29.9034     4188.01
   29.9892     4188.01
   30.0680     4188.01
   30.1369     4188.01
   30.2474     4188.01
   30.3292     4188.01
   30.3839     4188.01
   30.4559     4188.01
   30.5754     4188.01
   30.6349     4188.01
   30.6912     4188.01
   30.8099     4188.01
   30.9139     4188.01
   31.0252     4188.01
   31.1279     4188.01
   31.2130     4188.01
   31.3204     4188.01
   31.3914     4188.01
   31.4754     4188.01
   31.5010     4188.01
   31.5999     4188.01
   31.7034     4188.01
   31.7933     4188.01
   31.8994     4188.01
   31.9610     4188.01
   32.0933     4188.01
   32.1857     4188.01
   32.2574     4188.01
   32.3405     4188.01
   32.4394     4188.01
   32.5278     4188.01
   32.6201     4188.01
   32.7036     4188.01
   32.7719     4188.01
   32.8214     4188.01
   32.9095     4188.01
   32.9729     4188.01
   33.0399     4188.01
   33.1288     4188.01
   33.2048     4188.01
   33.3326     4188.01
   33.3846     4188.01
   33.4500     4188.01
   33.5724     4188.01
   33.6554     4188.01
   33.7434     4188.01
   33.8154     4188.01
   33.8954     4188.01
   33.9558     4188.01
   34.0114     4188.01
   34.0649     4188.01
   34.1176     4188.01
   34.2234     4188.01
   34.2596     4188.01
   34.3754     4188.01
   34.5170     4188.01
   34.5892     4188.01
   34.6899     4188.01
   34.7615     4188.01
   34.8567     4188.01
   34.9291     4188.01
   35.0594     4188.01
   35.1074     4188.01
   35.1823     4188.01
   35.2523     4188.01
   35.3394     4188.01
   35.3895     4188.01
   35.4714     4188.01
   35.5321     4188.01
   35.6200     4188.01
   35.6939     4188.01
   35.7999     4188.01
   35.8603     4188.01
   35.9204     4188.01
   35.9699     4188.01
   36.0720     4188.01
   36.1794     4188.01
   36.3447     4188.01
   36.4081     4188.01
   36.4901     4188.01
   36.5574     4188.01
   37.7474     4188.01
   37.8456     4188.01
   37.9022     4188.01
   37.9691     4188.01
   38.0464     4188.01
   38.1291     4188.01
   38.1910     4188.01
   38.2571     4188.01
   38.3189     4188.01
   38.3737     4188.01
   38.4834     4188.01
   38.5464     4188.01
   38.5897     4188.01
   38.6867     4188.01
   38.7959     4188.01
   38.9331     4188.01
   39.0131     4188.01
   39.1291     4188.01
   39.1864     4188.01
   39.2851     4188.01
   39.3705     4188.01
   39.4347     4188.01
   39.5277     4188.01
   39.6037     4188.01
   39.7116     4188.01
   39.7811     4188.01
   39.8700     4188.01
   39.9611     4188.01
   40.0386     4188.01
   40.1091     4188.01
   40.1773     4188.01
   40.2491     4188.01
   40.3171     4188.01
   40.3946     4188.01
   40.5251     4188.01
   40.6629     4188.01
   40.7538     4188.01
   40.8268     4188.01
   40.9075     4188.01
   40.9931     4188.01
   41.0390     4188.01
   41.0971     4188.01
   41.1538     4188.01
   41.2451     4188.01
   41.3131     4188.01
   41.3659     4188.01
   41.4436     4188.01
   41.5531     4188.01
   41.6891     4188.01
   41.8054     4188.01
   41.9068     4188.01
   42.0251     4188.01
   42.1211     4188.01
   42.1851     4188.01
   42.2667     4188.01
   42.3477     4188.01
   42.4068     4188.01
   42.4823     4188.01
   42.5785     4188.01
   42.6604     4188.01
   42.7954     4188.01
   42.9091     4188.01
   42.9906     4188.01
   43.0971     4188.01
   43.1851     4188.01
   43.2573     4188.01
   43.3095     4188.01
   43.4071     4188.01
   43.4677     4188.01
   43.5532     4188.01
   43.6251     4188.01
   43.6692     4188.01
   43.7639     4188.01
   43.8611     4188.01
   43.9357     4188.01
   44.0811     4188.01
   44.1480     4188.01
   44.2075     4188.01
   44.2861     4188.01
   44.3509     4188.01
   44.4658     4188.01
   44.5474     4188.01
   44.5983     4188.01
   44.6346     4188.01
   44.6852     4188.01
   44.8011     4188.01
   44.9453     4188.01
   45.0331     4188.01
   45.1011     4188.01
   45.1571     4188.01
   45.2131     4188.01
   45.3259     4188.01
   45.3771     4188.01
   45.4303     4188.01
   45.5376     4188.01
   45.6093     4188.01
   45.6884     4188.01
   45.7811     4188.01
   45.8434     4188.01
   45.9211     4188.01
   46.0211     4188.01
   46.0854     4188.01
   46.2171     4188.01
   46.3011     4188.01
   46.4103     4188.01
   46.5260     4188.01
   46.6352     4188.01
   46.7295     4188.01
   46.7977     4188.01
   46.8598     4188.01
   46.9493     4188.01
   46.9920     4188.01
   47.0472     4188.01
   47.1375     4188.01
   47.2123     4188.01
   47.2891     4188.01
   47.3411     4188.01
   47.4051     4188.01
   47.4837     4188.01
   47.5971     4188.01
   47.6620     4188.01
   47.7356     4188.01
   47.7906     4188.01
   47.8607     4188.01
   47.9295     4188.01
   48.0240     4188.01
   48.1971     4188.01
   48.3137     4188.01
   48.3977     4188.01
   48.4771     4188.01
   48.5553     4188.01
   48.6455     4188.01
   48.7331     4188.01
   48.8011     4188.01
   48.8811     4188.01
   48.9412     4188.01
   49.0171     4188.01
   49.0771     4188.01
   49.1531     4188.01
   49.1931     4188.01
   49.2651     4188.01
   49.3211     4188.01
   49.3776     4188.01
   49.4288     4188.01
   49.5051     4188.01
   49.5910     4188.01
   49.6635     4188.01
   49.7236     4188.01
   49.7793     4188.01
   49.8432     4188.01
   49.8933     4188.01
   49.9771     4188.01
   50.0357     4188.01
   50.0919     4188.01
   50.1519     4188.01
   50.2251     4188.01
   50.2674     4188.01
   50.3354     4188.01
   50.4039     4188.01
   50.4811     4188.01
   50.5597     4188.01
   50.6091     4188.01
   50.6716     4188.01
   50.7491     4188.01
   50.7874     4188.01
   50.8491     4188.01
   50.9253     4188.01
   50.9891     4188.01
   51.0411     4188.01
   51.0788     4188.01
   51.1251     4188.01
   51.1851     4188.01
   51.2601     4188.01
   51.3488     4188.01
   51.4331     4188.01
   51.5133     4188.01
   51.5842     4188.01
   51.6548     4188.01
   51.7103     4188.01
   51.7891     4188.01
   51.8355     4188.01
   51.8891     4188.01
   51.9557     4188.01
   52.0051     4188.01
   52.0691     4188.01
   52.1036     4188.01
   52.1553     4188.01
   52.2256     4188.01
   52.2816     4188.01
   52.3571     4188.01
   52.4294     4188.01
   52.4851     4188.01
   52.5651     4188.01
   52.6411     4188.01
   52.7291     4188.01
   52.7851     4188.01
   52.8467     4188.01
   52.9251     4188.01
   52.9941     4188.01
   53.0604     4188.01
   53.1451     4188.01
   53.1872     4188.01
   53.2851     4188.01
   53.3651     4188.01
   53.4094     4188.01
   53.4755     4188.01
   53.5620     4188.01
   53.6403     4188.01
   53.7291     4188.01
   53.7971     4188.01
   53.8771     4188.01
   53.9411     4188.01
   54.0371     4188.01
   54.1180     4188.01
   54.2091     4188.01
   54.2581     4188.01
   54.3291     4188.01
   54.3844     4188.01
   54.4651     4188.01
   54.5331     4188.01
   54.5753     4188.01
   54.6301     4188.01
   54.6731     4188.01
   54.7150     4188.01
   54.7771     4188.01
   54.8491     4188.01
   54.9131     4188.01
   54.9894     4188.01
   55.0352     4188.01
   55.1211     4188.01
   55.2091     4188.01
   55.2835     4188.01
   55.3491     4188.01
   55.3869     4188.01
   55.4470     4188.01
   55.4952     4188.01
   55.5698     4188.01
   55.6311     4188.01
   55.7011     4188.01
   55.7531     4188.01
   55.8331     4188.01
   55.9051     4188.01
   55.9831     4188.01
   56.0651     4188.01
   56.1171     4188.01
   56.1830     4188.01
   56.2571     4188.01
   56.3251     4188.01
   56.3891     4188.01
   56.4651     4188.01
   56.5323     4188.01
   56.6011     4188.01
   56.6579     4188.01
   56.7327     4188.01
   56.7931     4188.01
   56.8497     4188.01
   56.9291     4188.01
   57.0701     4188.01
   57.1512     4188.01
   57.2263     4188.01
   57.3131     4188.01
   57.3811     4188.01
   57.4691     4188.01
   57.5234     4188.01
   57.6011     4188.01
   57.6571     4188.01
   57.7273     4188.01
   57.8131     4188.01
   57.8914     4188.01
   57.9566     4188.01
   58.0171     4188.01
   58.0931     4188.01
   58.1731     4188.01
   58.2571     4188.01
   58.3243     4188.01
   58.4226     4188.01
   58.5211     4188.01
   58.5867     4188.01
   58.6771     4188.01
   58.7531     4188.01
   58.8275     4188.01
   58.9131     4188.01
   58.9691     4188.01
   59.0491     4188.01
   59.1411     4188.01
   59.2032     4188.01
   59.2948     4188.01
   59.3611     4188.01
   59.4291     4188.01
   59.5211     4188.01
   59.5829     4188.01
   59.6512     4188.01
   59.7311     4188.01
   59.8107     4188.01
   59.9066     4188.01
   59.9499     4188.01
   60.0174     4188.01
   60.1000     4188.01
   60.2397     4188.01
   60.4270     4188.01
   60.5611     4188.01
   60.6621     4188.01
   60.7231     4188.01
   60.8135     4188.01
   60.9171     4188.01
   61.0211     4188.01
   61.1332     4188.01
   61.2531     4188.01
   61.3291     4188.01
   61.3792     4188.01
   61.4621     4188.01
   61.5793     4188.01
   61.6262     4188.01
   61.7091     4188.01
   61.7468     4188.01
   61.8472     4188.01
   61.9479     4188.01
   62.0080     4188.01
   62.1171     4188.01
   62.1826     4188.01
   62.2696     4188.01
   62.3416     4188.01
   62.4427     4188.01
   62.5131     4188.01
   62.6340     4188.01
   62.7374     4188.01
   62.8101     4188.01
   62.9579     4188.01
   63.1079     4188.01
   63.1778     4188.01
   63.2939     4188.01
   63.3777     4188.01
   63.4554     4188.01
   63.5665     4188.01
   63.6011     4188.01
   63.6984     4188.01
   63.7661     4188.01
   63.8296     4188.01
   63.9078     4188.01
   63.9665     4188.01
   64.0346     4188.01
   64.1411     4188.01
   64.2111     4188.01
   64.2917     4188.01
   64.3791     4188.01
   64.4475     4188.01
   64.5674     4188.01
   64.6313     4188.01
   64.7230     4188.01
   64.8371     4188.01
   64.9184     4188.01
   64.9716     4188.01
   65.1051     4188.01
   65.1491     4188.01
   65.2331     4188.01
   65.2716     4188.01
   65.3040     4188.01
   65.3793     4188.01
   65.4555     4188.01
   65.5086     4188.01
   65.5663     4188.01
   65.6145     4188.01
   65.7077     4188.01
   65.8192     4188.01
   65.9615     4188.01
   66.0717     4188.01
   66.2105     4188.01
   66.2972     4188.01
   66.3773     4188.01
   66.4611     4188.01
   66.6011     4188.01
   66.6592     4188.01
   66.7271     4188.01
   66.8116     4188.01
   66.9011     4188.01
   66.9533     4188.01
   67.0312     4188.01
   67.1189     4188.01
   67.1897     4188.01
   67.2876     4188.01
   67.3571     4188.01
   67.4411     4188.01
   67.5131     4188.01
   67.6371     4188.01
   67.7182     4188.01
   67.7875     4188.01
   67.9024     4188.01
   68.0253     4188.01
   68.1051     4188.01
   68.1589     4188.01
   68.2451     4188.01
   68.3073     4188.01
   68.3834     4188.01
   68.4464     4188.01
   68.5135     4188.01
   68.5940     4188.01
   68.7058     4188.01
   68.7699     4188.01
   68.8571     4188.01
   68.9051     4188.01
   68.9594     4188.01
   69.0491     4188.01
   69.1020     4188.01
   69.1811     4188.01
   69.2496     4188.01
   69.3091     4188.01
   69.3731     4188.01
   69.4279     4188.01
   69.4931     4188.01
   69.5491     4188.01
   69.5951     4188.01
   69.6612     4188.01
   69.7371     4188.01
   69.7999     4188.01
   69.8771     4188.01
   71.1050     4188.01
   71.1690     4188.01
   71.2250     4188.01
   71.2825     4188.01
   71.3274     4188.01
   71.3850     4188.01
   71.4570     4188.01
   71.5050     4188.01
   71.5650     4188.01
   71.6252     4188.01
   71.6770     4188.01
   71.7490     4188.01
   71.8088     4188.01
   71.8488     4188.01
   71.9370     4188.01
   71.9890     4188.01
   72.0516     4188.01
   72.1190     4188.01
   72.1970     4188.01
   72.2467     4188.01
   72.2907     4188.01
   72.3450     4188.01
   72.3970     4188.01
   72.4346     4188.01
   72.4930     4188.01
   72.5351     4188.01
   72.6263     4188.01
   72.6849     4188.01
   72.7410     4188.01
   72.8213     4188.01
   72.9130     4188.01
   72.9607     4188.01
   73.0170     4188.01
   73.0748     4188.01
   73.1494     4188.01
   73.2423     4188.01
   73.3370     4188.01
   73.3982     4188.01
   73.4606     4188.01
   73.5450     4188.01
   73.6231     4188.01
   73.7050     4188.01
   73.7650     4188.01
   73.8372     4188.01
   73.9010     4188.01
   73.9732     4188.01
   74.0427     4188.01
   74.0970     4188.01
   74.1358     4188.01
   74.1810     4188.01
   74.2524     4188.01
   74.3290     4188.01
   74.3970     4188.01
   74.4530     4188.01
   74.5130     4188.01
   74.5690     4188.01
   74.6210     4188.01
   74.6833     4188.01
   74.7570     4188.01
   74.8210     4188.01
   74.8599     4188.01
   74.9370     4188.01
   74.9840     4188.01
   75.0530     4188.01
   75.1097     4188.01
   75.1721     4188.01
   75.2410     4188.01
   75.3010     4188.01
   75.3930     4188.01
   75.4451     4188.01
   75.5370     4188.01
   75.6250     4188.01
   75.7050     4188.01
   75.7749     4188.01
   75.8455     4188.01
   75.9170     4188.01
   75.9751     4188.01
   76.0610     4188.01
   76.1304     4188.01
   76.2090     4188.01
   76.2614     4188.01
   76.3410     4188.01
   76.3999     4188.01
   76.4770     4188.01
   76.5470     4188.01
   76.6350     4188.01
   76.7050     4188.01
   76.7909     4188.01
   76.8525     4188.01
   76.9250     4188.01
   77.0050     4188.01
   77.0718     4188.01
   77.1466     4188.01
   77.2330     4188.01
   77.2770     4188.01
   77.3361     4188.01
   77.4210     4188.01
   77.4810     4188.01
   77.5570     4188.01
   77.6128     4188.01
   77.6930     4188.01
   77.7850     4188.01
   77.8484     4188.01
   77.9170     4188.01
   77.9938     4188.01
   78.0650     4188.01
   78.1330     4188.01
   78.1774     4188.01
   78.2450     4188.01
   78.2902     4188.01
   78.3530     4188.01
   78.4077     4188.01
   78.4650     4188.01
   78.4969     4188.01
   78.5690     4188.01
   78.6530     4188.01
   78.7170     4188.01
   78.7986     4188.01
   78.8570     4188.01
   78.9130     4188.01
   78.9570     4188.01
   79.0290     4188.01
   79.0702     4188.01
   79.1290     4188.01
   79.1831     4188.01
   79.2450     4188.01
   79.3018     4188.01
   79.3637     4188.01
   79.4274     4188.01
   79.4908     4188.01
   79.5370     4188.01
   79.5797     4188.01
   79.6370     4188.01
   79.6952     4188.01
   79.7770     4188.01
   79.8534     4188.01
   79.9050     4188.01
   79.9570     4188.01
   80.0138     4188.01
   80.0730     4188.01
   80.1330     4188.01
   80.2018     4188.01
   80.2610     4188.01
   80.3252     4188.01
   80.3850     4188.01
   80.4403     4188.01
   80.4916     4188.01
   80.5850     4188.01
   80.6653     4188.01
   80.7450     4188.01
   80.8090     4188.01
   80.8837     4188.01
   80.9551     4188.01
   81.0155     4188.01
   81.0797     4188.01
   81.1211     4188.01
   81.1770     4188.01
   81.2257     4188.01
   81.2970     4188.01
   81.3410     4188.01
   81.4092     4188.01
   81.4828     4188.01
   81.5424     4188.01
   81.5930     4188.01
   81.6610     4188.01
   81.7098     4188.01
   81.7815     4188.01
   81.8610     4188.01
   81.8949     4188.01
   81.9770     4188.01
   82.0408     4188.01
   82.1050     4188.01
   82.1650     4188.01
   82.2258     4188.01
   82.3023     4188.01
   82.3770     4188.01
   82.4699     4188.01
   82.5185     4188.01
   82.5769     4188.01
   82.6250     4188.01
   82.6869     4188.01
   82.7690     4188.01
   82.8366     4188.01
   82.8930     4188.01
   82.9803     4188.01
   83.0530     4188.01
   83.1090     4188.01
   83.1623     4188.01
   83.2290     4188.01
   83.2773     4188.01
   83.3610     4188.01
   83.4027     4188.01
   83.4970     4188.01
   83.5447     4188.01
   83.6250     4188.01
   83.6878     4188.01
   83.7570     4188.01
   83.8010     4188.01
   83.8441     4188.01
   83.9101     4188.01
   83.9690     4188.01
   84.0167     4188.01
   84.0890     4188.01
   84.1507     4188.01
   84.2050     4188.01
   84.2530     4188.01
   84.3090     4188.01
   84.3770     4188.01
   84.4410     4188.01
   84.4997     4188.01
   84.5770     4188.01
   84.6570     4188.01
   84.7300     4188.01
   84.7930     4188.01
   84.8527     4188.01
   84.9130     4188.01
   84.9754     4188.01
   85.0370     4188.01
   85.0844     4188.01
   85.1490     4188.01
   85.2010     4188.01
   85.2450     4188.01
   85.3050     4188.01
   85.3689     4188.01
   85.4250     4188.01
   85.4829     4188.01
   85.5330     4188.01
   85.5823     4188.01
   85.6306     4188.01
   85.6850     4188.01
   85.7556     4188.01
   85.8151     4188.01
   85.8618     4188.01
   85.9130     4188.01
   85.9624     4188.01
   86.0330     4188.01
   86.1170     4188.01
   86.1831     4188.01
   86.2370     4188.01
   86.2956     4188.01
   86.3650     4188.01
   86.4099     4188.01
   86.4570     4188.01
   86.5170     4188.01
   86.5890     4188.01
   86.6308     4188.01
   86.7090     4188.01
   86.7770     4188.01
   86.8149     4188.01
   86.8650     4188.01
   86.9130     4188.01
   86.9730     4188.01
   87.0370     4188.01
   87.0930     4188.01
   87.1423     4188.01
   87.2090     4188.01
   87.2730     4188.01
   87.3272     4188.01
   87.3747     4188.01
   87.4490     4188.01
   87.4931     4188.01
   87.5630     4188.01
   87.6210     4188.01
   87.7130     4188.01
   87.7863     4188.01
   87.8570     4188.01
   87.9090     4188.01
   87.9690     4188.01
   88.0210     4188.01
   88.0810     4188.01
   88.1413     4188.01
   88.1890     4188.01
   88.2338     4188.01
   88.2850     4188.01
   88.3307     4188.01
   88.4024     4188.01
   88.4650     4188.01
   88.5199     4188.01
   88.5850     4188.01
   88.6466     4188.01
   88.7057     4188.01
   88.7770     4188.01
   88.8350     4188.01
   88.8970     4188.01
   88.9770     4188.01
   89.0450     4188.01
   89.1130     4188.01
   89.1726     4188.01
   89.2370     4188.01
   89.2860     4188.01
   89.3330     4188.01
   89.3665     4188.01
   89.4370     4188.01
   89.4986     4188.01
   89.5570     4188.01
   89.5934     4188.01
   89.6701     4188.01
   89.7291     4188.01
   89.8036     4188.01
   89.8587     4188.01
   89.9210     4188.01
   89.9918     4188.01
   90.0610     4188.01
   90.1178     4188.01
   90.1850     4188.01
   90.2444     4188.01
   90.3051     4188.01
   90.3717     4188.01
   90.4490     4188.01
   90.5002     4188.01
   90.5538     4188.01
   90.6330     4188.01
   90.7290     4188.01
   90.8090     4188.01
   90.8816     4188.01
   90.9490     4188.01
   90.9907     4188.01
   91.0648     4188.01
   91.1490     4188.01
   91.2512     4188.01
   91.3481     4188.01
   91.4370     4188.01
   91.5010     4188.01
   91.5890     4188.01
   91.6562     4188.01
   91.7290     4188.01
   91.7758     4188.01
   91.8426     4188.01
   91.9330     4188.01
   91.9795     4188.01
   92.0490     4188.01
   92.0888     4188.01
   92.1490     4188.01
   92.2153     4188.01
   92.2682     4188.01
   92.3250     4188.01
   92.3701     4188.01
   92.4393     4188.01
   92.5010     4188.01
   92.5681     4188.01
   92.6490     4188.01
   92.6838     4188.01
   92.7490     4188.01
   92.8090     4188.01
   92.8570     4188.01
   92.9170     4188.01
   92.9658     4188.01
   93.0303     4188.01
   93.0794     4188.01
   93.1235     4188.01
   93.1838     4188.01
   93.2650     4188.01
   93.3130     4188.01
   93.3850     4188.01
   93.4304     4188.01
   93.4850     4188.01
   93.5490     4188.01
   93.6028     4188.01
   93.6690     4188.01
   93.7226     4188.01
   93.7970     4188.01
   93.8601     4188.01
   93.9450     4188.01
   93.9930     4188.01
   94.0450     4188.01
   94.0890     4188.01
   94.1650     4188.01
   94.2148     4188.01
   94.2970     4188.01
   94.3850     4188.01
   94.4490     4188.01
   94.5106     4188.01
   94.5678     4188.01
   94.6257     4188.01
   94.6770     4188.01
   94.7359     4188.01
   94.8010     4188.01
   94.8424     4188.01
   94.9055     4188.01
   94.9610     4188.01
   95.0170     4188.01
   95.0970     4188.01
   95.1490     4188.01
   95.1748     4188.01
   95.2772     4188.01
   95.3348     4188.01
   95.3848     4188.01
   95.4473     4188.01
   95.5261     4188.01
   95.5763     4188.01
   95.6530     4188.01
   95.7130     4188.01
   95.7690     4188.01
   95.8556     4188.01
   95.9170     4188.01
   96.0626     4188.01
   96.1690     4188.01
   96.2490     4188.01
   96.3541     4188.01
   96.4103     4188.01
   96.5374     4188.01
   96.6532     4188.01
   96.8359     4188.01
   96.9300     4188.01
   97.0450     4188.01
   97.1214     4188.01
   97.2410     4188.01
   97.3852     4188.01
   97.4770     4188.01
   97.6145     4188.01
   97.7638     4188.01
   97.8671     4188.01
   98.0376     4188.01
   98.2519     4188.01
   98.3339     4188.01
   98.4370     4188.01
   98.5131     4188.01
   98.6010     4188.01
   98.6810     4188.01
   98.7650     4188.01
   98.8290     4188.01
   98.9084     4188.01
   98.9774     4188.01
   99.0570     4188.01
   99.1370     4188.01
   99.1930     4188.01
   99.2665     4188.01
   99.3588     4188.01
   99.4690     4188.01
   99.5576     4188.01
   99.6452     4188.01
   99.7449     4188.01
   99.8835     4188.01
   99.9704     4188.01
  100.0850     4188.01
  100.1467     4188.01
  100.2290     4188.01
  100.3370     4188.01
  100.4022     4188.01
  100.5031     4188.01
  100.6093     4188.01
  100.6849     4188.01
  100.7665     4188.01
  100.8850     4188.01
  100.9530     4188.01
  101.0570     4188.01
  101.1280     4188.01
  101.2370     4188.01
  101.3130     4188.01
  101.4117     4188.01
  101.5330     4188.01
  101.6690     4188.01
  101.7610     4188.01
  101.8370     4188.01
  101.9170     4188.01
  102.0260     4188.01
  102.1370     4188.01
  102.2329     4188.01
  102.3879     4188.01
  102.5346     4188.01
  102.6170     4188.01
  102.7170     4188.01
  102.7810     4188.01
  102.8570     4188.01
  102.9990     4188.01
  103.1510     4188.01
  103.2504     4188.01
  103.3293     4188.01
  103.4370     4188.01
  104.8028     4188.01
  104.8761     4188.01
  104.9325     4188.01
  105.0415     4188.01
  105.1419     4188.01
  105.2284     4188.01
  105.3602     4188.01
  105.4676     4188.01
  105.5754     4188.01
  105.6536     4188.01
  105.7455     4188.01
  105.8316     4188.01
  105.8951     4188.01
  105.9496     4188.01
  106.0547     4188.01
  106.1688     4188.01
  106.3041     4188.01
  106.3947     4188.01
  106.4968     4188.01
  106.5680     4188.01
  106.6412     4188.01
  106.7107     4188.01
  106.7878     4188.01
  106.8747     4188.01
  106.9667     4188.01
  107.0547     4188.01
  107.1107     4188.01
  107.1680     4188.01
  107.2442     4188.01
  107.3963     4188.01
  107.4731     4188.01
  107.5787     4188.01
  107.6694     4188.01
  107.8187     4188.01
  107.9131     4188.01
  108.0915     4188.01
  108.2107     4188.01
  108.2776     4188.01
  108.3943     4188.01
  108.5089     4188.01
  108.6307     4188.01
  108.6897     4188.01
  108.7907     4188.01
  108.8692     4188.01
  109.0035     4188.01
  109.0592     4188.01
  109.1709     4188.01
  109.2752     4188.01
  109.3987     4188.01
  109.4880     4188.01
  109.5882     4188.01
  109.6987     4188.01
  109.7683     4188.01
  109.8667     4188.01
  109.9667     4188.01
  110.0349     4188.01
  110.1069     4188.01
  110.1855     4188.01
  110.2847     4188.01
  110.3571     4188.01
  110.4409     4188.01
  110.5477     4188.01
  110.6314     4188.01
  110.7766     4188.01
  110.8507     4188.01
  110.9587     4188.01
  111.0519     4188.01
  111.1216     4188.01
  111.2227     4188.01
  111.3610     4188.01
  111.4592     4188.01
  111.5707     4188.01
  111.6930     4188.01
  111.7801     4188.01
  111.8574     4188.01
  111.9152     4188.01
  111.9727     4188.01
  112.0547     4188.01
  112.1330     4188.01
  112.2428     4188.01
  112.3286     4188.01
  112.4067     4188.01
  112.4458     4188.01
  112.5107     4188.01
  112.5827     4188.01
  112.6312     4188.01
  112.6813     4188.01
  112.7507     4188.01
  112.8107     4188.01
  112.8827     4188.01
  112.9507     4188.01
  113.0409     4188.01
  113.1307     4188.01
  113.2027     4188.01
  113.2872     4188.01
  113.3707     4188.01
  113.4627     4188.01
  113.5277     4188.01
  113.5849     4188.01
  113.6688     4188.01
  113.7319     4188.01
  113.8635     4188.01
  114.0507     4188.01
  114.1390     4188.01
  114.2321     4188.01
  114.3107     4188.01
  114.4067     4188.01
  114.4747     4188.01
  114.5987     4188.01
  114.6787     4188.01
  114.7427     4188.01
  114.8155     4188.01
  114.8787     4188.01
  114.9829     4188.01
  115.0551     4188.01
  115.1307     4188.01
  115.2147     4188.01
  115.2993     4188.01
  115.4611     4188.01
  115.5387     4188.01
  115.6222     4188.01
  115.6842     4188.01
  115.7753     4188.01
  115.8587     4188.01
  115.9050     4188.01
  115.9690     4188.01
  116.0347     4188.01
  116.1053     4188.01
  116.1747     4188.01
  116.2454     4188.01
  116.3107     4188.01
  116.3688     4188.01
  116.4318     4188.01
  116.4987     4188.01
  116.5987     4188.01
  116.6648     4188.01
  116.7267     4188.01
  116.7947     4188.01
  116.8378     4188.01
  116.9163     4188.01
  116.9611     4188.01
  117.0047     4188.01
  117.0707     4188.01
  117.1482     4188.01
  117.2453     4188.01
  117.3347     4188.01
  117.3880     4188.01
  117.4707     4188.01
  117.5154     4188.01
  117.5907     4188.01
  117.6369     4188.01
  117.6952     4188.01
  117.7507     4188.01
  117.8003     4188.01
  117.8585     4188.01
  117.9187     4188.01
  117.9707     4188.01
  118.0027     4188.01
  118.0810     4188.01
  118.1649     4188.01
  118.2572     4188.01
  118.3582     4188.01
  118.4452     4188.01
  118.5325     4188.01
  118.6187     4188.01
  118.7107     4188.01
  118.8107     4188.01
  118.8809     4188.01
  118.9627     4188.01
  119.0211     4188.01
  119.0757     4188.01
  119.1608     4188.01
  119.2450     4188.01
  119.3227     4188.01
  119.4187     4188.01
  119.4850     4188.01
  119.5396     4188.01
  119.6147     4188.01
  119.6606     4188.01
  119.7427     4188.01
  119.8630     4188.01
  119.9427     4188.01
  120.0107     4188.01
  120.0707     4188.01
  120.1520     4188.01
  120.2455     4188.01
  120.3238     4188.01
  120.3762     4188.01
  120.4378     4188.01
  120.4947     4188.01
  120.5419     4188.01
  120.6067     4188.01
  120.6627     4188.01
  120.7131     4188.01
  120.7734     4188.01
  120.8387     4188.01
  120.8983     4188.01
  120.9747     4188.01
  121.0387     4188.01
  121.1041     4188.01
  121.1709     4188.01
  121.2347     4188.01
  121.2833     4188.01
  121.3427     4188.01
  121.4175     4188.01
  121.4857     4188.01
  121.5636     4188.01
  121.6347     4188.01
  121.7107     4188.01
  121.7787     4188.01
  121.9187     4188.01
  121.9763     4188.01
  122.1147     4188.01
  122.2107     4188.01
  122.2987     4188.01
  122.3888     4188.01
  122.4747     4188.01
  122.5374     4188.01
  122.6227     4188.01
  122.7029     4188.01
  122.7867     4188.01
  122.8314     4188.01
  122.8788     4188.01
  122.9387     4188.01
  123.0267     4188.01
  123.0842     4188.01
  123.1707     4188.01
  123.2212     4188.01
  123.2939     4188.01
  123.3587     4188.01
  123.4587     4188.01
  123.5236     4188.01
  123.5987     4188.01
  123.6627     4188.01
  123.7326     4188.01
  123.8110     4188.01
  123.8947     4188.01
  123.9645     4188.01
  124.0372     4188.01
  124.1947     4188.01
  124.3027     4188.01
  124.3648     4188.01
  124.4597     4188.01
  124.5490     4188.01
  124.6052     4188.01
  124.6923     4188.01
  124.7747     4188.01
  124.8499     4188.01
  124.9107     4188.01
  125.0507     4188.01
  125.1453     4188.01
  125.2348     4188.01
  125.3594     4188.01
  125.4707     4188.01
  125.5845     4188.01
  125.6398     4188.01
  125.7311     4188.01
  125.8267     4188.01
  125.9092     4188.01
  125.9907     4188.01
  126.0507     4188.01
  126.1153     4188.01
  126.1842     4188.01
  126.2317     4188.01
  126.3231     4188.01
  126.3947     4188.01
  126.4487     4188.01
  126.5094     4188.01
  126.5667     4188.01
  126.6155     4188.01
  126.7770     4188.01
  126.8837     4188.01
  126.9490     4188.01
  127.0427     4188.01
  127.1637     4188.01
  127.2631     4188.01
  127.3722     4188.01
  127.5042     4188.01
  127.5788     4188.01
  127.6713     4188.01
  127.7408     4188.01
  127.8147     4188.01
  127.8781     4188.01
  127.9341     4188.01
  128.0309     4188.01
  128.1349     4188.01
  128.1931     4188.01
  128.2707     4188.01
  128.3427     4188.01
  128.4058     4188.01
  128.4547     4188.01
  128.5347     4188.01
  128.6107     4188.01
  128.6987     4188.01
  128.7792     4188.01
  128.8560     4188.01
  128.9154     4188.01
  128.9825     4188.01
  129.0507     4188.01
  129.1063     4188.01
  129.1880     4188.01
  129.3427     4188.01
  129.4267     4188.01
  129.5315     4188.01
  129.6011     4188.01
  129.6673     4188.01
  129.7907     4188.01
  129.8630     4188.01
  129.9467     4188.01
  130.0094     4188.01
  130.0801     4188.01
  130.1478     4188.01
  130.2279     4188.01
  130.3291     4188.01
  130.3878     4188.01
  130.5120     4188.01
  130.6037     4188.01
  130.6867     4188.01
  130.7894     4188.01
  130.8598     4188.01
  130.9527     4188.01
  131.0309     4188.01
  131.1147     4188.01
  131.1876     4188.01
  131.2595     4188.01
  131.3209     4188.01
  131.4159     4188.01
  131.5227     4188.01
  131.6121     4188.01
  131.7547     4188.01
  131.8171     4188.01
  131.9213     4188.01
  132.0107     4188.01
  132.0951     4188.01
  132.1869     4188.01
  132.2627     4188.01
  132.3229     4188.01
  132.3987     4188.01
  132.4550     4188.01
  132.5227     4188.01
  132.5827     4188.01
  132.6765     4188.01
  132.7354     4188.01
  132.8187     4188.01
  132.8634     4188.01
  132.9510     4188.01
  133.0547     4188.01
  133.1420     4188.01
  133.2347     4188.01
  133.3685     4188.01
  133.5787     4188.01
  133.6686     4188.01
  133.7545     4188.01
  133.9227     4188.01
  133.9945     4188.01
  134.0911     4188.01
  134.1835     4188.01
  134.3174     4188.01
  134.4595     4188.01
  134.6081     4188.01
  134.7077     4188.01
  134.8332     4188.01
  134.9288     4188.01
  134.9844     4188.01
  135.0871     4188.01
  135.1915     4188.01
  135.2749     4188.01
  135.3587     4188.01
  135.4907     4188.01
  135.5542     4188.01
  135.6467     4188.01
  135.7267     4188.01
  135.8371     4188.01
  135.9107     4188.01
  135.9867     4188.01
  136.0276     4188.01
  136.0867     4188.01
  136.2067     4188.01
  136.2993     4188.01
  136.4190     4188.01
  136.5339     4188.01
  136.6328     4188.01
  136.7053     4188.01
  136.8634     4188.01
  136.9467     4188.01
  137.0507     4188.01
  138.3006     4188.01
  138.3778     4188.01
  138.4670     4188.01
  138.5230     4188.01
  138.5790     4188.01
  138.6449     4188.01
  138.7070     4188.01
  138.7454     4188.01
  138.8165     4188.01
  138.8576     4188.01
  138.9318     4188.01
  138.9995     4188.01
  139.0550     4188.01
  139.1190     4188.01
  139.1870     4188.01
  139.2393     4188.01
  139.3070     4188.01
  139.3670     4188.01
  139.4064     4188.01
  139.4710     4188.01
  139.5201     4188.01
  139.6069     4188.01
  139.6670     4188.01
  139.7278     4188.01
  139.7982     4188.01
  139.8550     4188.01
  139.9090     4188.01
  139.9710     4188.01
  140.0333     4188.01
  140.0990     4188.01
  140.1470     4188.01
  140.2150     4188.01
  140.2482     4188.01
  140.3230     4188.01
  140.3763     4188.01
  140.4756     4188.01
  140.5371     4188.01
  140.5982     4188.01
  140.6670     4188.01
  140.7150     4188.01
  140.7670     4188.01
  140.8190     4188.01
  140.8630     4188.01
  140.9177     4188.01
  140.9742     4188.01
  141.0440     4188.01
  141.1030     4188.01
  141.1589     4188.01
  141.2211     4188.01
  141.2830     4188.01
  141.3351     4188.01
  141.3990     4188.01
  141.4416     4188.01
  141.5030     4188.01
  141.5526     4188.01
  141.6350     4188.01
  141.6774     4188.01
  141.7590     4188.01
  141.8079     4188.01
  141.8653     4188.01
  141.9390     4188.01
  141.9870     4188.01
  142.0332     4188.01
  142.1055     4188.01
  142.1670     4188.01
  142.2195     4188.01
  142.3110     4188.01
  142.3663     4188.01
  142.4590     4188.01
  142.5174     4188.01
  142.6371     4188.01
  142.7032     4188.01
  142.7630     4188.01
  142.8095     4188.01
  142.8710     4188.01
  142.9105     4188.01
  142.9750     4188.01
  143.0007     4188.01
  143.0870     4188.01
  143.1590     4188.01
  143.2150     4188.01
  143.3070     4188.01
  143.3560     4188.01
  143.4297     4188.01
  143.4970     4188.01
  143.5556     4188.01
  143.6190     4188.01
  143.6750     4188.01
  143.7317     4188.01
  143.7990     4188.01
  143.8825     4188.01
  144.0030     4188.01
  144.1115     4188.01
  144.2401     4188.01
  144.3176     4188.01
  144.4051     4188.01
  144.4763     4188.01
  144.5510     4188.01
  144.6102     4188.01
  144.7084     4188.01
  144.8830     4188.01
  144.9408     4188.01
  144.9990     4188.01
  145.0644     4188.01
  145.1430     4188.01
  145.2063     4188.01
  145.3083     4188.01
  145.3990     4188.01
  145.4649     4188.01
  145.5093     4188.01
  145.6248     4188.01
  145.6981     4188.01
  145.7654     4188.01
  145.8555     4188.01
  145.9878     4188.01
  146.0910     4188.01
  146.2150     4188.01
  146.3030     4188.01
  146.3973     4188.01
  146.4922     4188.01
  146.5712     4188.01
  146.6197     4188.01
  146.7563     4188.01
  146.8396     4188.01
  146.9380     4188.01
  147.0278     4188.01
  147.0924     4188.01
  147.1751     4188.01
  147.2486     4188.01
  147.3477     4188.01
  147.5252     4188.01
  147.6371     4188.01
  147.7270     4188.01
  147.8513     4188.01
  147.9355     4188.01
  147.9830     4188.01
  148.0470     4188.01
  148.1310     4188.01
  148.1848     4188.01
  148.2758     4188.01
  148.4000     4188.01
  148.4910     4188.01
  148.5694     4188.01
  148.6394     4188.01
  148.6959     4188.01
  148.7446     4188.01
  148.8138     4188.01
  148.9244     4188.01
  149.0010     4188.01
  149.1121     4188.01
  149.2021     4188.01
  149.3083     4188.01
  149.4322     4188.01
  149.5190     4188.01
  149.6013     4188.01
  149.6604     4188.01
  149.7723     4188.01
  149.8077     4188.01
  149.8932     4188.01
  149.9950     4188.01
  150.1012     4188.01
  150.1670     4188.01
  150.2550     4188.01
  150.3532     4188.01
  150.4694     4188.01
  150.5755     4188.01
  150.6590     4188.01
  150.7425     4188.01
  150.8510     4188.01
  150.9470     4188.01
  150.9990     4188.01
  151.0790     4188.01
  151.1510     4188.01
  151.2571     4188.01
  151.3151     4188.01
  151.3856     4188.01
  151.5030     4188.01
  151.5830     4188.01
  151.6710     4188.01
  151.7414     4188.01
  151.7950     4188.01
  151.8357     4188.01
  151.9480     4188.01
  152.1190     4188.01
  152.1894     4188.01
  152.2697     4188.01
  152.3169     4188.01
  152.3930     4188.01
  152.4550     4188.01
  152.5590     4188.01
  152.6630     4188.01
  152.7372     4188.01
  152.8518     4188.01
  152.9494     4188.01
  153.0301     4188.01
  153.1510     4188.01
  153.2258     4188.01
  153.3870     4188.01
  153.4727     4188.01
  153.5470     4188.01
  153.6056     4188.01
  153.6837     4188.01
  153.7510     4188.01
  153.8027     4188.01
  153.8710     4188.01
  153.9430     4188.01
  154.0187     4188.01
  154.1110     4188.01
  154.1605     4188.01
  154.2597     4188.01
  154.3239     4188.01
  154.4070     4188.01
  154.4438     4188.01
  154.5478     4188.01
  154.6289     4188.01
  154.7088     4188.01
  154.7719     4188.01
  154.8390     4188.01
  154.8882     4188.01
  154.9416     4188.01
  155.0190     4188.01
  155.1150     4188.01
  155.1662     4188.01
  155.2477     4188.01
  155.3050     4188.01
  155.3750     4188.01
  155.4377     4188.01
  155.4922     4188.01
  155.5380     4188.01
  155.5901     4188.01
  155.6630     4188.01
  155.7230     4188.01
  155.7950     4188.01
  155.8590     4188.01
  155.9427     4188.01
  156.0150     4188.01
  156.0830     4188.01
  156.1430     4188.01
  156.2019     4188.01
  156.2750     4188.01
  156.3270     4188.01
  156.3980     4188.01
  156.4710     4188.01
  156.5751     4188.01
  156.6670     4188.01
  156.7169     4188.01
  156.7912     4188.01
  156.8610     4188.01
  156.9253     4188.01
  156.9910     4188.01
  157.0456     4188.01
  157.1086     4188.01
  157.1670     4188.01
  157.2310     4188.01
  157.2910     4188.01
  157.3345     4188.01
  157.4270     4188.01
  157.4888     4188.01
  157.5418     4188.01
  157.6190     4188.01
  157.6571     4188.01
  157.7310     4188.01
  157.7830     4188.01
  157.8272     4188.01
  157.8910     4188.01
  157.9279     4188.01
  158.0175     4188.01
  158.1167     4188.01
  158.1745     4188.01
  158.2910     4188.01
  158.4110     4188.01
  158.5150     4188.01
  158.6021     4188.01
  158.6658     4188.01
  158.7550     4188.01
  158.8550     4188.01
  158.9350     4188.01
  159.0070     4188.01
  159.0739     4188.01
  159.1550     4188.01
  159.2097     4188.01
  159.3030     4188.01
  159.3753     4188.01
  159.4550     4188.01
  159.4983     4188.01
  159.5710     4188.01
  159.6430     4188.01
  159.6950     4188.01
  159.7383     4188.01
  159.7910     4188.01
  159.8550     4188.01
  159.9510     4188.01
  159.9893     4188.01
  160.0607     4188.01
  160.1123     4188.01
  160.1672     4188.01
  160.2310     4188.01
  160.2750     4188.01
  160.3233     4188.01
  160.3830     4188.01
  160.4138     4188.01
  160.4755     4188.01
  160.5218     4188.01
  160.5910     4188.01
  160.6605     4188.01
  160.7056     4188.01
  160.7910     4188.01
  160.8470     4188.01
  160.9272     4188.01
  160.9990     4188.01
  161.0630     4188.01
  161.1359     4188.01
  161.2110     4188.01
  161.2670     4188.01
  161.3270     4188.01
  161.3870     4188.01
  161.4430     4188.01
  161.5065     4188.01
  161.5525     4188.01
  161.6261     4188.01
  161.6875     4188.01
  161.7590     4188.01
  161.8270     4188.01
  161.8872     4188.01
  161.9390     4188.01
  162.0030     4188.01
  162.0670     4188.01
  162.1170     4188.01
  162.1870     4188.01
  162.2356     4188.01
  162.2910     4188.01
  162.3398     4188.01
  162.4230     4188.01
  162.4830     4188.01
  162.5540     4188.01
  162.6280     4188.01
  162.7110     4188.01
  162.7875     4188.01
  162.8630     4188.01
  162.9414     4188.01
  162.9967     4188.01
  163.0647     4188.01
  163.1670     4188.01
  163.2415     4188.01
  163.3150     4188.01
  163.3870     4188.01
  163.4415     4188.01
  163.5097     4188.01
  163.5950     4188.01
  163.6851     4188.01
  163.7641     4188.01
  163.8814     4188.01
  163.9595     4188.01
  164.0590     4188.01
  164.0958     4188.01
  164.2183     4188.01
  164.3042     4188.01
  164.3866     4188.01
  164.4630     4188.01
  164.5190     4188.01
  164.5799     4188.01
  164.6630     4188.01
  164.7408     4188.01
  164.8470     4188.01
  164.8724     4188.01
  164.9412     4188.01
  165.0679     4188.01
  165.1434     4188.01
  165.2274     4188.01
  165.2830     4188.01
  165.3775     4188.01
  165.4355     4188.01
  165.5390     4188.01
  165.6117     4188.01
  165.7110     4188.01
  165.7950     4188.01
  165.8790     4188.01
  165.9407     4188.01
  166.0358     4188.01
  166.1238     4188.01
  166.2172     4188.01
  166.2512     4188.01
  166.3196     4188.01
  166.4318     4188.01
  166.5317     4188.01
  166.6166     4188.01
  166.7433     4188.01
  166.8150     4188.01
  166.9030     4188.01
  166.9815     4188.01
  167.0766     4188.01
  167.1646     4188.01
  167.2294     4188.01
  167.3290     4188.01
  167.3990     4188.01
  167.4616     4188.01
  167.5636     4188.01
  167.7123     4188.01
  167.7790     4188.01
  167.8790     4188.01
  167.9481     4188.01
  168.1030     4188.01
  168.1555     4188.01
  168.2637     4188.01
  168.4285     4188.01
  168.5455     4188.01
  168.6990     4188.01
  168.8208     4188.01
  168.9015     4188.01
  168.9750     4188.01
  169.0510     4188.01
  169.1614     4188.01
  169.2392     4188.01
  169.3150     4188.01
  169.4044     4188.01
  169.5030     4188.01
  169.6134     4188.01
  169.6990     4188.01
  169.7750     4188.01
  169.8808     4188.01
  169.9320     4188.01
  170.0062     4188.01
  170.1031     4188.01
  170.1710     4188.01
  170.2230     4188.01
  170.2757     4188.01
  170.3531     4188.01
  170.4070     4188.01
  170.4630     4188.01
  170.5134     4188.01
  170.6133     4188.01
  170.7217     4188.01
  172.0643     4188.01
  172.1646     4188.01
  172.2563     4188.01
  172.3419     4188.01
  172.4035     4188.01
  172.4899     4188.01
  172.5398     4188.01
  172.5916     4188.01
  172.6801     4188.01
  172.7440     4188.01
  172.8166     4188.01
  172.8979     4188.01
  173.0139     4188.01
  173.0539     4188.01
  173.1244     4188.01
  173.1899     4188.01
  173.2739     4188.01
  173.3129     4188.01
  173.4149     4188.01
  173.5019     4188.01
  173.6419     4188.01
  173.7469     4188.01
  173.8179     4188.01
  173.9019     4188.01
  174.0589     4188.01
  174.1225     4188.01
  174.2019     4188.01
  174.2775     4188.01
  174.3394     4188.01
  174.4219     4188.01
  174.4899     4188.01
  174.5615     4188.01
  174.6499     4188.01
  174.7233     4188.01
  174.7979     4188.01
  174.8754     4188.01
  174.9367     4188.01
  175.0060     4188.01
  175.0708     4188.01
  175.1499     4188.01
  175.2259     4188.01
  175.3440     4188.01
  175.4499     4188.01
  175.5227     4188.01
  175.5979     4188.01
  175.7086     4188.01
  175.7871     4188.01
  175.8660     4188.01
  175.9198     4188.01
  175.9761     4188.01
  176.0659     4188.01
  176.1739     4188.01
  176.2379     4188.01
  176.2843     4188.01
  176.3524     4188.01
  176.4162     4188.01
  176.4819     4188.01
  176.5419     4188.01
  176.5957     4188.01
  176.6536     4188.01
  176.7219     4188.01
  176.7979     4188.01
  176.8499     4188.01
  176.9099     4188.01
  176.9607     4188.01
  177.0252     4188.01
  177.0835     4188.01
  177.1431     4188.01
  177.1786     4188.01
  177.2539     4188.01
  177.3131     4188.01
  177.4085     4188.01
  177.4644     4188.01
  177.5432     4188.01
  177.6251     4188.01
  177.7299     4188.01
  177.8219     4188.01
  177.8887     4188.01
  177.9619     4188.01
  178.0299     4188.01
  178.1183     4188.01
  178.1833     4188.01
  178.2465     4188.01
  178.2923     4188.01
  178.3659     4188.01
  178.4687     4188.01
  178.5402     4188.01
  178.6445     4188.01
  178.7160     4188.01
  178.9062     4188.01
  178.9608     4188.01
  179.0710     4188.01
  179.1899     4188.01
  179.2839     4188.01
  179.3601     4188.01
  179.4299     4188.01
  179.4899     4188.01
  179.5899     4188.01
  179.7360     4188.01
  179.8276     4188.01
  179.9271     4188.01
  180.0939     4188.01
  180.1642     4188.01
  180.2118     4188.01
  180.2824     4188.01
  180.3384     4188.01
  180.4122     4188.01
  180.5140     4188.01
  180.6161     4188.01
  180.7191     4188.01
  180.8298     4188.01
  180.9631     4188.01
  181.0384     4188.01
  181.1099     4188.01
  181.2269     4188.01
  181.3083     4188.01
  181.4036     4188.01
  181.4846     4188.01
  181.5820     4188.01
  181.6700     4188.01
  181.7481     4188.01
  181.8499     4188.01
  181.9324     4188.01
  182.0117     4188.01
  182.1160     4188.01
  182.2843     4188.01
  182.3741     4188.01
  182.4685     4188.01
  182.5866     4188.01
  182.7659     4188.01
  182.8539     4188.01
  182.9459     4188.01
  182.9979     4188.01
  183.0716     4188.01
  183.1753     4188.01
  183.2539     4188.01
  183.3864     4188.01
  183.4805     4188.01
  183.5395     4188.01
  183.6276     4188.01
  183.6983     4188.01
  183.8059     4188.01
  183.8668     4188.01
  183.9791     4188.01
  184.0683     4188.01
  184.1619     4188.01
  184.2499     4188.01
  184.3379     4188.01
  184.4156     4188.01
  184.5019     4188.01
  184.5414     4188.01
  184.6103     4188.01
  184.6979     4188.01
  184.7483     4188.01
  184.8335     4188.01
  184.8857     4188.01
  184.9939     4188.01
  185.0575     4188.01
  185.1299     4188.01
  185.2139     4188.01
  185.2728     4188.01
  185.3529     4188.01
  185.4220     4188.01
  185.5644     4188.01
  185.6659     4188.01
  185.7837     4188.01
  185.8789     4188.01
  185.9440     4188.01
  186.0939     4188.01
  186.1939     4188.01
  186.2779     4188.01
  186.3473     4188.01
  186.4028     4188.01
  186.4619     4188.01
  186.5140     4188.01
  186.5944     4188.01
  186.6669     4188.01
  186.7266     4188.01
  186.7840     4188.01
  186.9275     4188.01
  187.0619     4188.01
  187.1311     4188.01
  187.2619     4188.01
  187.3499     4188.01
  187.4140     4188.01
  187.4739     4188.01
  187.5266     4188.01
  187.5979     4188.01
  187.6712     4188.01
  187.7659     4188.01
  187.8659     4188.01
  187.9542     4188.01
  188.0169     4188.01
  188.0859     4188.01
  188.1589     4188.01
  188.2899     4188.01
  188.4153     4188.01
  188.4859     4188.01
  188.5428     4188.01
  188.6779     4188.01
  188.7812     4188.01
  188.8645     4188.01
  188.9505     4188.01
  189.0405     4188.01
  189.2139     4188.01
  189.3109     4188.01
  189.4183     4188.01
  189.5148     4188.01
  189.6099     4188.01
  189.6635     4188.01
  189.7939     4188.01
  189.8915     4188.01
  189.9699     4188.01
  190.0659     4188.01
  190.1354     4188.01
  190.2075     4188.01
  190.2899     4188.01
  190.3472     4188.01
  190.4227     4188.01
  190.5299     4188.01
  190.6219     4188.01
  190.7188     4188.01
  190.7652     4188.01
  190.8289     4188.01
  190.8898     4188.01
  190.9619     4188.01
  191.0202     4188.01
  191.0725     4188.01
  191.1756     4188.01
  191.2398     4188.01
  191.3240     4188.01
  191.3968     4188.01
  191.4739     4188.01
  191.5546     4188.01
  191.6144     4188.01
  191.6727     4188.01
  191.7499     4188.01
  191.8178     4188.01
  191.9059     4188.01
  191.9554     4188.01
  192.0272     4188.01
  192.1102     4188.01
  192.1779     4188.01
  192.2217     4188.01
  192.3324     4188.01
  192.4143     4188.01
  192.4758     4188.01
  192.5646     4188.01
  192.6361     4188.01
  192.6824     4188.01
  192.7707     4188.01
  192.8779     4188.01
  193.0009     4188.01
  193.1066     4188.01
  193.2357     4188.01
  193.3240     4188.01
  193.3979     4188.01
  193.5102     4188.01
  193.5801     4188.01
  193.6539     4188.01
  193.7769     4188.01
  193.8339     4188.01
  193.9459     4188.01
  194.0545     4188.01
  194.1676     4188.01
  194.2507     4188.01
  194.3962     4188.01
  194.5019     4188.01
  194.5997     4188.01
  194.7099     4188.01
  194.8283     4188.01
  194.9201     4188.01
  195.0059     4188.01
  195.0780     4188.01
  195.1543     4188.01
  195.2500     4188.01
  195.3281     4188.01
  195.4192     4188.01
  195.4880     4188.01
  195.5717     4188.01
  195.6459     4188.01
  195.7113     4188.01
  195.7657     4188.01
  195.8539     4188.01
  195.8979     4188.01
  195.9911     4188.01
  196.0699     4188.01
  196.1431     4188.01
  196.2003     4188.01
  196.2656     4188.01
  196.3179     4188.01
  196.3641     4188.01
  196.4250     4188.01
  196.4979     4188.01
  196.5739     4188.01
  196.6668     4188.01
  196.7659     4188.01
  196.8419     4188.01
  196.9018     4188.01
  196.9659     4188.01
  197.0348     4188.01
  197.1051     4188.01
  197.1751     4188.01
  197.2345     4188.01
  197.3101     4188.01
  197.3844     4188.01
  197.4741     4188.01
  197.5379     4188.01
  197.5814     4188.01
  197.6459     4188.01
  197.7157     4188.01
  197.8014     4188.01
  197.8635     4188.01
  197.9499     4188.01
  198.0219     4188.01
  198.0783     4188.01
  198.1446     4188.01
  198.1939     4188.01
  198.2689     4188.01
  198.3339     4188.01
  198.4019     4188.01
  198.4539     4188.01
  198.5299     4188.01
  198.5938     4188.01
  198.6579     4188.01
  198.7117     4188.01
  198.7939     4188.01
  198.9099     4188.01
  199.0139     4188.01
  199.0861     4188.01
  199.2019     4188.01
  199.2819     4188.01
  199.3699     4188.01
  199.4169     4188.01
  199.4825     4188.01
  199.5459     4188.01
  199.6179     4188.01
  199.6581     4188.01
  199.7183     4188.01
  199.7719     4188.01
  199.8390     4188.01
  199.8871     4188.01
  199.9459     4188.01
  200.0139     4188.01
  200.0399     4188.01
  200.1181     4188.01
  200.1848     4188.01
  200.2339     4188.01
  200.2975     4188.01
  200.3939     4188.01
  200.4375     4188.01
  200.5016     4188.01
  200.5749     4188.01
  200.6299     4188.01
  200.6982     4188.01
  200.7549     4188.01
  200.8099     4188.01
  200.8865     4188.01
  200.9351     4188.01
  201.0139     4188.01
  201.0979     4188.01
  201.1913     4188.01
  201.2401     4188.01
  201.3099     4188.01
  201.3779     4188.01
  201.4467     4188.01
  201.5125     4188.01
  201.5767     4188.01
  201.6522     4188.01
  201.7299     4188.01
  201.7762     4188.01
  201.8441     4188.01
  201.9179     4188.01
  201.9819     4188.01
  202.0385     4188.01
  202.0966     4188.01
  202.1714     4188.01
  202.2305     4188.01
  202.2963     4188.01
  202.3579     4188.01
  202.4219     4188.01
  202.4892     4188.01
  202.5631     4188.01
  202.6339     4188.01
  202.6841     4188.01
  202.7507     4188.01
  202.8153     4188.01
  202.8728     4188.01
  202.9420     4188.01
  202.9979     4188.01
  203.0567     4188.01
  203.1111     4188.01
  203.2139     4188.01
  203.3007     4188.01
  203.4019     4188.01
  203.4742     4188.01
  203.5579     4188.01
  203.6094     4188.01
  203.6842     4188.01
  203.7746     4188.01
  203.8547     4188.01
  203.9179     4188.01
  203.9825     4188.01
  204.0739     4188.01
  204.1379     4188.01
  204.1899     4188.01
  205.4353     4188.01
  205.5154     4188.01
  205.5834     4188.01
  205.6258     4188.01
  205.6874     4188.01
  205.7839     4188.01
  205.8521     4188.01
  205.9043     4188.01
  205.9834     4188.01
  206.0357     4188.01
  206.0914     4188.01
  206.1434     4188.01
  206.2114     4188.01
  206.2634     4188.01
  206.3328     4188.01
  206.3874     4188.01
  206.4489     4188.01
  206.5268     4188.01
  206.5914     4188.01
  206.6474     4188.01
  206.7074     4188.01
  206.7466     4188.01
  206.8237     4188.01
  206.8757     4188.01
  206.9451     4188.01
  207.0234     4188.01
  207.0754     4188.01
  207.1247     4188.01
  207.1994     4188.01
  207.2514     4188.01
  207.3200     4188.01
  207.4034     4188.01
  207.4560     4188.01
  207.5647     4188.01
  207.6634     4188.01
  207.7608     4188.01
  207.8514     4188.01
  207.9288     4188.01
  208.0261     4188.01
  208.1634     4188.01
  208.2265     4188.01
  208.2935     4188.01
  208.3758     4188.01
  208.4594     4188.01
  208.5364     4188.01
  208.5897     4188.01
  208.6754     4188.01
  208.7838     4188.01
  208.8997     4188.01
  208.9994     4188.01
  209.0548     4188.01
  209.1191     4188.01
  209.1687     4188.01
  209.2159     4188.01
  209.2837     4188.01
  209.3491     4188.01
  209.4394     4188.01
  209.5163     4188.01
  209.6017     4188.01
  209.6666     4188.01
  209.7394     4188.01
  209.8136     4188.01
  209.8804     4188.01
  209.9674     4188.01
  210.0361     4188.01
  210.1194     4188.01
  210.2049     4188.01
  210.2955     4188.01
  210.3794     4188.01
  210.4458     4188.01
  210.5434     4188.01
  210.5925     4188.01
  210.6834     4188.01
  210.7489     4188.01
  210.8391     4188.01
  210.9338     4188.01
  211.0012     4188.01
  211.0532     4188.01
  211.1175     4188.01
  211.2314     4188.01
  211.3074     4188.01
  211.3673     4188.01
  211.4378     4188.01
  211.5301     4188.01
  211.6100     4188.01
  211.7377     4188.01
  211.8304     4188.01
  211.9386     4188.01
  212.0281     4188.01
  212.1183     4188.01
  212.2114     4188.01
  212.2827     4188.01
  212.3540     4188.01
  212.4333     4188.01
  212.4980     4188.01
  212.5690     4188.01
  212.6474     4188.01
  212.7338     4188.01
  212.7954     4188.01
  212.8716     4188.01
  212.9216     4188.01
  212.9795     4188.01
  213.0750     4188.01
  213.1338     4188.01
  213.2124     4188.01
  213.2774     4188.01
  213.3434     4188.01
  213.4154     4188.01
  213.4900     4188.01
  213.5594     4188.01
  213.6314     4188.01
  213.7037     4188.01
  213.7686     4188.01
  213.8188     4188.01
  213.9114     4188.01
  213.9936     4188.01
  214.0504     4188.01
  214.1069     4188.01
  214.1794     4188.01
  214.2634     4188.01
  214.3095     4188.01
  214.3781     4188.01
  214.4514     4188.01
  214.4956     4188.01
  214.5634     4188.01
  214.6274     4188.01
  214.6794     4188.01
  214.7434     4188.01
  214.9276     4188.01
  214.9981     4188.01
  215.1224     4188.01
  215.2168     4188.01
  215.2830     4188.01
  215.3619     4188.01
  215.4330     4188.01
  215.5103     4188.01
  215.5608     4188.01
  215.6554     4188.01
  215.7434     4188.01
  215.8274     4188.01
  215.8954     4188.01
  215.9834     4188.01
  216.0674     4188.01
  216.1394     4188.01
  216.2274     4188.01
  216.2973     4188.01
  216.3794     4188.01
  216.4551     4188.01
  216.5058     4188.01
  216.6074     4188.01
  216.6551     4188.01
  216.7343     4188.01
  216.8133     4188.01
  216.8800     4188.01
  216.9727     4188.01
  217.0629     4188.01
  217.1463     4188.01
  217.1943     4188.01
  217.2656     4188.01
  217.3282     4188.01
  217.3914     4188.01
  217.5000     4188.01
  217.5693     4188.01
  217.6600     4188.01
  217.7514     4188.01
  217.8697     4188.01
  218.0253     4188.01
  218.1492     4188.01
  218.2528     4188.01
  218.4194     4188.01
  218.5314     4188.01
  218.6489     4188.01
  218.7418     4188.01
  218.8763     4188.01
  219.0129     4188.01
  219.0957     4188.01
  219.1801     4188.01
  219.3610     4188.01
  219.4501     4188.01
  219.6074     4188.01
  219.6927     4188.01
  219.7735     4188.01
  219.8537     4188.01
  219.9511     4188.01
  220.0065     4188.01
  220.1198     4188.01
  220.1867     4188.01
  220.2754     4188.01
  220.3674     4188.01
  220.4274     4188.01
  220.4834     4188.01
  220.5714     4188.01
  220.6290     4188.01
  220.6924     4188.01
  220.7627     4188.01
  220.8954     4188.01
  220.9514     4188.01
  221.0354     4188.01
  221.1114     4188.01
  221.1794     4188.01
  221.2634     4188.01
  221.3258     4188.01
  221.4074     4188.01
  221.4698     4188.01
  221.5634     4188.01
  221.6517     4188.01
  221.7382     4188.01
  221.8274     4188.01
  221.8922     4188.01
  222.0035     4188.01
  222.0678     4188.01
  222.1462     4188.01
  222.2474     4188.01
  222.3514     4188.01
  222.4394     4188.01
  222.5333     4188.01
  222.6138     4188.01
  222.7518     4188.01
  222.8714     4188.01
  222.9504     4188.01
  223.0297     4188.01
  223.1370     4188.01
  223.2089     4188.01
  223.2802     4188.01
  223.3475     4188.01
  223.4354     4188.01
  223.5127     4188.01
  223.5761     4188.01
  223.6318     4188.01
  223.7234     4188.01
  223.7983     4188.01
  223.8688     4188.01
  223.9474     4188.01
  224.0194     4188.01
  224.0780     4188.01
  224.1335     4188.01
  224.2022     4188.01
  224.2714     4188.01
  224.4034     4188.01
  224.4955     4188.01
  224.5674     4188.01
  224.6236     4188.01
  224.7314     4188.01
  224.7876     4188.01
  224.8913     4188.01
  224.9794     4188.01
  225.0561     4188.01
  225.1674     4188.01
  225.2714     4188.01
  225.3539     4188.01
  225.4276     4188.01
  225.5154     4188.01
  225.5826     4188.01
  225.6639     4188.01
  225.7122     4188.01
  225.7807     4188.01
  225.8750     4188.01
  225.9354     4188.01
  226.0114     4188.01
  226.0789     4188.01
  226.1402     4188.01
  226.2194     4188.01
  226.3014     4188.01
  226.3994     4188.01
  226.4518     4188.01
  226.5188     4188.01
  226.5834     4188.01
  226.6546     4188.01
  226.7194     4188.01
  226.7609     4188.01
  226.8314     4188.01
  226.8754     4188.01
  226.9474     4188.01
  227.0140     4188.01
  227.0794     4188.01
  227.1594     4188.01
  227.2196     4188.01
  227.2836     4188.01
  227.3434     4188.01
  227.4173     4188.01
  227.4743     4188.01
  227.5418     4188.01
  227.6183     4188.01
  227.6994     4188.01
  227.8057     4188.01
  227.9545     4188.01
  228.0219     4188.01
  228.1218     4188.01
  228.1954     4188.01
  228.2581     4188.01
  228.3154     4188.01
  228.3954     4188.01
  228.4794     4188.01
  228.5476     4188.01
  228.6284     4188.01
  228.6841     4188.01
  228.7415     4188.01
  228.7968     4188.01
  228.8678     4188.01
  228.9274     4188.01
  229.0036     4188.01
  229.0935     4188.01
  229.1750     4188.01
  229.2470     4188.01
  229.3274     4188.01
  229.4080     4188.01
  229.5194     4188.01
  229.5889     4188.01
  229.6674     4188.01
  229.7369     4188.01
  229.8154     4188.01
  229.8794     4188.01
  229.9176     4188.01
  229.9977     4188.01
  230.0954     4188.01
  230.1517     4188.01
  230.2221     4188.01
  230.3009     4188.01
  230.3794     4188.01
  230.4376     4188.01
  230.4806     4188.01
  230.5514     4188.01
  230.6557     4188.01
  230.7405     4188.01
  230.7958     4188.01
  230.9194     4188.01
  231.0114     4188.01
  231.0914     4188.01
  231.1897     4188.01
  231.2584     4188.01
  231.3234     4188.01
  231.3973     4188.01
  231.4442     4188.01
  231.5124     4188.01
  231.5892     4188.01
  231.7749     4188.01
  231.8676     4188.01
  231.9394     4188.01
  232.0476     4188.01
  232.1314     4188.01
  232.2034     4188.01
  232.2594     4188.01
  232.3314     4188.01
  232.3948     4188.01
  232.4771     4188.01
  232.5594     4188.01
  232.6191     4188.01
  232.6874     4188.01
  232.7576     4188.01
  232.8244     4188.01
  232.9362     4188.01
  232.9956     4188.01
  233.1358     4188.01
  233.2131     4188.01
  233.3187     4188.01
  233.3994     4188.01
  233.4660     4188.01
  233.5371     4188.01
  233.6434     4188.01
  233.6976     4188.01
  233.7794     4188.01
  233.8510     4188.01
  233.9514     4188.01
  234.0394     4188.01
  234.1154     4188.01
  234.1914     4188.01
  234.2674     4188.01
  234.3434     4188.01
  234.3907     4188.01
  234.4714     4188.01
  234.5738     4188.01
  234.6919     4188.01
  234.7492     4188.01
  234.8559     4188.01
  234.9179     4188.01
  235.0394     4188.01
  235.0999     4188.01
  235.2234     4188.01
  235.3051     4188.01
  235.4154     4188.01
  235.5034     4188.01
  235.5557     4188.01
  235.6010     4188.01
  235.6794     4188.01
  235.7417     4188.01
  235.8080     4188.01
  235.8834     4188.01
  235.9634     4188.01
  236.0183     4188.01
  236.1274     4188.01
  236.2154     4188.01
  236.2862     4188.01
  236.3488     4188.01
  236.4569     4188.01
  236.5572     4188.01
  236.6794     4188.01
  236.7730     4188.01
  236.8890     4188.01
  237.0594     4188.01
  237.2274     4188.01
  237.3114     4188.01
  237.3681     4188.01
  237.4618     4188.01
  237.4990     4188.01
  237.5600     4188.01
  237.6474     4188.01
  238.9550     4188.01
  239.0335     4188.01
  239.1220     4188.01
  239.2399     4188.01
  239.3442     4188.01
  239.4373     4188.01
  239.5167     4188.01
  239.6487     4188.01
  239.7367     4188.01
  239.8727     4188.01
  239.9354     4188.01
  240.0028     4188.01
  240.1327     4188.01
  240.2287     4188.01
  240.2887     4188.01
  240.4047     4188.01
  240.4857     4188.01
  240.5967     4188.01
  240.6728     4188.01
  240.7807     4188.01
  240.8407     4188.01
  240.9153     4188.01
  240.9927     4188.01
  241.0774     4188.01
  241.1666     4188.01
  241.3007     4188.01
  241.3530     4188.01
  241.4647     4188.01
  241.5269     4188.01
  241.6395     4188.01
  241.7447     4188.01
  241.8255     4188.01
  241.9611     4188.01
  242.0310     4188.01
  242.1382     4188.01
  242.2198     4188.01
  242.3087     4188.01
  242.4447     4188.01
  242.5694     4188.01
  242.7381     4188.01
  242.8999     4188.01
  243.0664     4188.01
  243.1574     4188.01
  243.2874     4188.01
  243.3727     4188.01
  243.4487     4188.01
  243.5247     4188.01
  243.5927     4188.01
  243.6692     4188.01
  243.7487     4188.01
  243.8207     4188.01
  243.9089     4188.01
  243.9798     4188.01
  244.0487     4188.01
  244.0938     4188.01
  244.1624     4188.01
  244.2367     4188.01
  244.3167     4188.01
  244.4007     4188.01
  244.4607     4188.01
  244.5507     4188.01
  244.6207     4188.01
  244.6847     4188.01
  244.7689     4188.01
  244.8691     4188.01
  244.9972     4188.01
  245.1047     4188.01
  245.2168     4188.01
  245.2979     4188.01
  245.3687     4188.01
  245.4864     4188.01
  245.5218     4188.01
  245.6140     4188.01
  245.6891     4188.01
  245.7145     4188.01
  245.8007     4188.01
  245.8629     4188.01
  245.9672     4188.01
  246.0588     4188.01
  246.1327     4188.01
  246.1887     4188.01
  246.2487     4188.01
  246.2967     4188.01
  246.3530     4188.01
  246.4297     4188.01
  246.4927     4188.01
  246.5567     4188.01
  246.6067     4188.01
  246.6594     4188.01
  246.7327     4188.01
  246.8022     4188.01
  246.8767     4188.01
  246.9487     4188.01
  247.0167     4188.01
  247.0647     4188.01
  247.1207     4188.01
  247.1847     4188.01
  247.2314     4188.01
  247.2927     4188.01
  247.3474     4188.01
  247.4207     4188.01
  247.4672     4188.01
  247.5188     4188.01
  247.5687     4188.01
  247.6247     4188.01
  247.6962     4188.01
  247.7727     4188.01
  247.8527     4188.01
  247.9007     4188.01
  247.9687     4188.01
  248.0428     4188.01
  248.1407     4188.01
  248.2047     4188.01
  248.2687     4188.01
  248.3367     4188.01
  248.4167     4188.01
  248.4724     4188.01
  248.5447     4188.01
  248.6007     4188.01
  248.6584     4188.01
  248.7327     4188.01
  248.8030     4188.01
  248.8670     4188.01
  248.9271     4188.01
  248.9927     4188.01
  249.0437     4188.01
  249.1247     4188.01
  249.2047     4188.01
  249.2767     4188.01
  249.3567     4188.01
  249.4127     4188.01
  249.4767     4188.01
  249.5298     4188.01
  249.6166     4188.01
  249.6727     4188.01
  249.7245     4188.01
  249.7887     4188.01
  249.8448     4188.01
  249.9207     4188.01
  249.9653     4188.01
  250.0367     4188.01
  250.1099     4188.01
  250.1802     4188.01
  250.2607     4188.01
  250.3221     4188.01
  250.3945     4188.01
  250.4650     4188.01
  250.5607     4188.01
  250.6207     4188.01
  250.6850     4188.01
  250.7527     4188.01
  250.8167     4188.01
  250.8727     4188.01
  250.9287     4188.01
  250.9774     4188.01
  251.0527     4188.01
  251.0926     4188.01
  251.1487     4188.01
  251.2167     4188.01
  251.2927     4188.01
  251.3727     4188.01
  251.4381     4188.01
  251.5149     4188.01
  251.5806     4188.01
  251.6527     4188.01
  251.7487     4188.01
  251.8191     4188.01
  251.8869     4188.01
  251.9452     4188.01
  252.0327     4188.01
  252.0915     4188.01
  252.1536     4188.01
  252.2407     4188.01
  252.3104     4188.01
  252.3607     4188.01
  252.4194     4188.01
  252.4888     4188.01
  252.5331     4188.01
  252.6007     4188.01
  252.6663     4188.01
  252.7527     4188.01
  252.8567     4188.01
  252.9327     4188.01
  252.9792     4188.01
  253.0494     4188.01
  253.1327     4188.01
  253.2087     4188.01
  253.2952     4188.01
  253.3743     4188.01
  253.5063     4188.01
  253.6009     4188.01
  253.7474     4188.01
  253.8205     4188.01
  253.9241     4188.01
  254.0201     4188.01
  254.1796     4188.01
  254.3130     4188.01
  254.4081     4188.01
  254.5007     4188.01
  254.6271     4188.01
  254.7007     4188.01
  254.7647     4188.01
  254.8412     4188.01
  254.9249     4188.01
  254.9996     4188.01
  255.1247     4188.01
  255.1785     4188.01
  255.2545     4188.01
  255.3184     4188.01
  255.4373     4188.01
  255.5225     4188.01
  255.6007     4188.01
  255.6700     4188.01
  255.8212     4188.01
  255.9231     4188.01
  256.0172     4188.01
  256.0887     4188.01
  256.1850     4188.01
  256.2599     4188.01
  256.3450     4188.01
  256.4423     4188.01
  256.5127     4188.01
  256.5843     4188.01
  256.6687     4188.01
  256.7143     4188.01
  256.7927     4188.01
  256.8647     4188.01
  256.9180     4188.01
  256.9680     4188.01
  257.0327     4188.01
  257.0987     4188.01
  257.1702     4188.01
  257.2432     4188.01
  257.3172     4188.01
  257.3819     4188.01
  257.4419     4188.01
  257.5534     4188.01
  257.6494     4188.01
  257.7296     4188.01
  257.8047     4188.01
  257.8635     4188.01
  257.9367     4188.01
  258.0047     4188.01
  258.0529     4188.01
  258.1207     4188.01
  258.1745     4188.01
  258.2287     4188.01
  258.2767     4188.01
  258.3255     4188.01
  258.4047     4188.01
  258.4587     4188.01
  258.5408     4188.01
  258.6127     4188.01
  258.6659     4188.01
  258.7317     4188.01
  258.8287     4188.01
  258.8927     4188.01
  258.9687     4188.01
  259.0158     4188.01
  259.0767     4188.01
  259.1247     4188.01
  259.1807     4188.01
  259.2527     4188.01
  259.3352     4188.01
  259.3774     4188.01
  259.4386     4188.01
  259.5127     4188.01
  259.5691     4188.01
  259.6167     4188.01
  259.6731     4188.01
  259.7487     4188.01
  259.8002     4188.01
  259.8767     4188.01
  259.9327     4188.01
  259.9860     4188.01
  260.0772     4188.01
  260.1887     4188.01
  260.2457     4188.01
  260.3052     4188.01
  260.3770     4188.01
  260.4647     4188.01
  260.5295     4188.01
  260.5845     4188.01
  260.6727     4188.01
  260.7469     4188.01
  260.8047     4188.01
  260.8642     4188.01
  260.9212     4188.01
  261.0129     4188.01
  261.0967     4188.01
  261.1448     4188.01
  261.2213     4188.01
  261.2847     4188.01
  261.3449     4188.01
  261.3923     4188.01
  261.4687     4188.01
  261.5470     4188.01
  261.6002     4188.01
  261.6785     4188.01
  261.7567     4188.01
  261.8087     4188.01
  261.8849     4188.01
  261.9487     4188.01
  262.0427     4188.01
  262.1274     4188.01
  262.1874     4188.01
  262.2599     4188.01
  262.3367     4188.01
  262.4008     4188.01
  262.4653     4188.01
  262.5298     4188.01
  262.6167     4188.01
  262.6717     4188.01
  262.7343     4188.01
  262.7698     4188.01
  262.8527     4188.01
  262.9090     4188.01
  263.0527     4188.01
  263.1301     4188.01
  263.2167     4188.01
  263.2847     4188.01
  263.3483     4188.01
  263.4207     4188.01
  263.4642     4188.01
  263.5367     4188.01
  263.6247     4188.01
  263.7080     4188.01
  263.7990     4188.01
  263.8898     4188.01
  263.9862     4188.01
  264.0607     4188.01
  264.1309     4188.01
  264.2261     4188.01
  264.3143     4188.01
  264.3710     4188.01
  264.4358     4188.01
  264.5087     4188.01
  264.5607     4188.01
  264.6299     4188.01
  264.7084     4188.01
  264.7837     4188.01
  264.8785     4188.01
  264.9400     4188.01
  265.0931     4188.01
  265.1767     4188.01
  265.2769     4188.01
  265.3409     4188.01
  265.4051     4188.01
  265.4748     4188.01
  265.5504     4188.01
  265.6356     4188.01
  265.6887     4188.01
  265.7331     4188.01
  265.7927     4188.01
  265.8837     4188.01
  265.9688     4188.01
  266.0693     4188.01
  266.1632     4188.01
  266.2367     4188.01
  266.3127     4188.01
  266.4287     4188.01
  266.5087     4188.01
  266.5688     4188.01
  266.6119     4188.01
  266.6807     4188.01
  266.7208     4188.01
  266.7911     4188.01
  266.8727     4188.01
  266.9477     4188.01
  267.0729     4188.01
  267.1182     4188.01
  267.1822     4188.01
  267.2811     4188.01
  267.3607     4188.01
  267.4695     4188.01
  267.5727     4188.01
  267.6354     4188.01
  267.7113     4188.01
  267.8168     4188.01
  267.8671     4188.01
  267.9373     4188.01
  268.0163     4188.01
  268.1634     4188.01
  268.2407     4188.01
  268.3047     4188.01
  268.4194     4188.01
  268.5209     4188.01
  268.6412     4188.01
  268.7851     4188.01
  268.8835     4188.01
  268.9567     4188.01
  269.0367     4188.01
  269.0961     4188.01
  269.1567     4188.01
  269.2289     4188.01
  269.2865     4188.01
  269.4209     4188.01
  269.5371     4188.01
  269.6407     4188.01
  269.7807     4188.01
  269.9451     4188.01
  270.0338     4188.01
  270.1186     4188.01
  270.2327     4188.01
  270.2982     4188.01
  270.4393     4188.01
  270.5307     4188.01
  270.6180     4188.01
  270.6536     4188.01
  270.6856     4188.01
  270.7567     4188.01
  270.8767     4188.01
  270.9862     4188.01
  271.0672     4188.01
  271.1398     4188.01
  271.2951     4188.01
  272.6722     4188.01
  272.7536     4188.01
  272.8735     4188.01
  272.9775     4188.01
  273.1060     4188.01
  273.2095     4188.01
  273.2895     4188.01
  273.3643     4188.01
  273.4439     4188.01
  273.5255     4188.01
  273.5801     4188.01
  273.6655     4188.01
  273.7308     4188.01
  273.8078     4188.01
  273.8832     4188.01
  273.9535     4188.01
  274.0215     4188.01
  274.0975     4188.01
  274.1775     4188.01
  274.2695     4188.01
  274.3775     4188.01
  274.4495     4188.01
  274.5184     4188.01
  274.5521     4188.01
  274.6055     4188.01
  274.6775     4188.01
  274.7615     4188.01
  274.8335     4188.01
  274.9136     4188.01
  274.9935     4188.01
  275.0540     4188.01
  275.1316     4188.01
  275.2257     4188.01
  275.3720     4188.01
  275.4512     4188.01
  275.5147     4188.01
  275.5658     4188.01
  275.6695     4188.01
  275.7365     4188.01
  275.8381     4188.01
  275.9158     4188.01
  276.0030     4188.01
  276.1335     4188.01
  276.2746     4188.01
  276.3495     4188.01
  276.4335     4188.01
  276.5183     4188.01
  276.6335     4188.01
  276.6970     4188.01
  276.7766     4188.01
  276.8582     4188.01
  276.9473     4188.01
  277.0177     4188.01
  277.0837     4188.01
  277.1591     4188.01
  277.2266     4188.01
  277.2887     4188.01
  277.3518     4188.01
  277.4095     4188.01
  277.4735     4188.01
  277.5335     4188.01
  277.6073     4188.01
  277.6957     4188.01
  277.7622     4188.01
  277.8196     4188.01
  277.8947     4188.01
  277.9523     4188.01
  278.0202     4188.01
  278.1093     4188.01
  278.1695     4188.01
  278.2353     4188.01
  278.3185     4188.01
  278.3815     4188.01
  278.4615     4188.01
  278.5356     4188.01
  278.6095     4188.01
  278.6598     4188.01
  278.7374     4188.01
  278.8177     4188.01
  278.8862     4188.01
  278.9655     4188.01
  279.0168     4188.01
  279.1055     4188.01
  279.1735     4188.01
  279.2501     4188.01
  279.3154     4188.01
  279.3678     4188.01
  279.4358     4188.01
  279.5316     4188.01
  279.6035     4188.01
  279.7535     4188.01
  279.8042     4188.01
  279.9043     4188.01
  280.0295     4188.01
  280.0694     4188.01
  280.1282     4188.01
  280.1906     4188.01
  280.2477     4188.01
  280.3053     4188.01
  280.3615     4188.01
  280.4202     4188.01
  280.5191     4188.01
  280.5890     4188.01
  280.6575     4188.01
  280.7255     4188.01
  280.8095     4188.01
  280.8516     4188.01
  280.9455     4188.01
  281.0337     4188.01
  281.1175     4188.01
  281.2097     4188.01
  281.2735     4188.01
  281.3395     4188.01
  281.4117     4188.01
  281.4839     4188.01
  281.5507     4188.01
  281.6234     4188.01
  281.6976     4188.01
  281.7754     4188.01
  281.8507     4188.01
  281.9215     4188.01
  281.9681     4188.01
  282.0454     4188.01
  282.1286     4188.01
  282.2415     4188.01
  282.3095     4188.01
  282.3855     4188.01
  282.4575     4188.01
  282.5393     4188.01
  282.5893     4188.01
  282.6695     4188.01
  282.7283     4188.01
  282.7877     4188.01
  282.9095     4188.01
  282.9719     4188.01
  283.0417     4188.01
  283.1296     4188.01
  283.2055     4188.01
  283.2729     4188.01
  283.3419     4188.01
  283.4335     4188.01
  283.5073     4188.01
  283.5795     4188.01
  283.6455     4188.01
  283.7157     4188.01
  283.8095     4188.01
  283.8923     4188.01
  283.9962     4188.01
  284.0579     4188.01
  284.1415     4188.01
  284.2215     4188.01
  284.3097     4188.01
  284.3765     4188.01
  284.4415     4188.01
  284.5295     4188.01
  284.6187     4188.01
  284.7575     4188.01
  284.8255     4188.01
  284.8975     4188.01
  284.9798     4188.01
  285.0455     4188.01
  285.1257     4188.01
  285.2415     4188.01
  285.2895     4188.01
  285.3895     4188.01
  285.5073     4188.01
  285.5901     4188.01
  285.6623     4188.01
  285.7283     4188.01
  285.7897     4188.01
  285.8738     4188.01
  285.9655     4188.01
  286.0308     4188.01
  286.1175     4188.01
  286.1835     4188.01
  286.2655     4188.01
  286.3212     4188.01
  286.3935     4188.01
  286.4754     4188.01
  286.6095     4188.01
  286.6911     4188.01
  286.7918     4188.01
  286.8735     4188.01
  286.9513     4188.01
  287.0428     4188.01
  287.1287     4188.01
  287.2775     4188.01
  287.3558     4188.01
  287.4242     4188.01
  287.5394     4188.01
  287.7402     4188.01
  287.8026     4188.01
  287.8780     4188.01
  287.9415     4188.01
  288.0042     4188.01
  288.0817     4188.01
  288.1655     4188.01
  288.2176     4188.01
  288.2867     4188.01
  288.3676     4188.01
  288.4455     4188.01
  288.5895     4188.01
  288.6727     4188.01
  288.7335     4188.01
  288.8299     4188.01
  288.9695     4188.01
  289.0215     4188.01
  289.0882     4188.01
  289.1620     4188.01
  289.2339     4188.01
  289.3068     4188.01
  289.3815     4188.01
  289.4354     4188.01
  289.5495     4188.01
  289.6632     4188.01
  289.7464     4188.01
  289.8655     4188.01
  289.9535     4188.01
  290.0295     4188.01
  290.1335     4188.01
  290.2375     4188.01
  290.2935     4188.01
  290.3631     4188.01
  290.4205     4188.01
  290.5016     4188.01
  290.5632     4188.01
  290.6335     4188.01
  290.7095     4188.01
  290.7935     4188.01
  290.8615     4188.01
  290.9228     4188.01
  290.9975     4188.01
  291.0895     4188.01
  291.1615     4188.01
  291.2375     4188.01
  291.3255     4188.01
  291.4152     4188.01
  291.5135     4188.01
  291.5800     4188.01
  291.6493     4188.01
  291.7255     4188.01
  291.7782     4188.01
  291.8532     4188.01
  291.9001     4188.01
  292.0015     4188.01
  292.0735     4188.01
  292.1335     4188.01
  292.2225     4188.01
  292.2872     4188.01
  292.3775     4188.01
  292.4548     4188.01
  292.5380     4188.01
  292.6255     4188.01
  292.6748     4188.01
  292.7479     4188.01
  292.8055     4188.01
  292.8657     4188.01
  292.9196     4188.01
  292.9855     4188.01
  293.0775     4188.01
  293.1379     4188.01
  293.2000     4188.01
  293.3073     4188.01
  293.4187     4188.01
  293.4773     4188.01
  293.5236     4188.01
  293.7236     4188.01
  293.8381     4188.01
  293.9474     4188.01
  294.0862     4188.01
  294.1698     4188.01
  294.2322     4188.01
  294.2975     4188.01
  294.4316     4188.01
  294.5055     4188.01
  294.6335     4188.01
  294.6895     4188.01
  294.8175     4188.01
  294.8687     4188.01
  294.9554     4188.01
  295.0615     4188.01
  295.1935     4188.01
  295.3647     4188.01
  295.4575     4188.01
  295.5173     4188.01
  295.6278     4188.01
  295.7288     4188.01
  295.8135     4188.01
  295.8959     4188.01
  295.9735     4188.01
  296.0439     4188.01
  296.1679     4188.01
  296.2655     4188.01
  296.3544     4188.01
  296.4224     4188.01
  296.4855     4188.01
  296.5690     4188.01
  296.6562     4188.01
  296.7398     4188.01
  296.7975     4188.01
  296.8935     4188.01
  296.9575     4188.01
  297.0228     4188.01
  297.0975     4188.01
  297.1455     4188.01
  297.1947     4188.01
  297.2718     4188.01
  297.3775     4188.01
  297.4245     4188.01
  297.5371     4188.01
  297.6368     4188.01
  297.7380     4188.01
  297.8126     4188.01
  297.9335     4188.01
  298.0229     4188.01
  298.1711     4188.01
  298.3015     4188.01
  298.3735     4188.01
  298.4695     4188.01
  298.5398     4188.01
  298.6019     4188.01
  298.6722     4188.01
  298.7716     4188.01
  298.8655     4188.01
  298.9383     4188.01
  299.0948     4188.01
  299.1736     4188.01
  299.3073     4188.01
  299.4135     4188.01
  299.4707     4188.01
  299.5815     4188.01
  299.6504     4188.01
  299.7863     4188.01
  299.8763     4188.01
  300.0591     4188.01
