    0.0758     7575.17
    0.1363     6738.65
    0.2061     6738.65
    0.2987     6738.65
    0.3828     6738.65
    0.4512     6738.65
    0.5584     6667.33
    0.6375     6667.33
    0.7220     6667.33
    0.8020     6667.33
    0.8815     6667.33
    0.9711     6667.33
    1.0345     6667.33
    1.1104     6667.33
    1.1775     6667.33
    1.2220     6667.33
    1.2791     6667.33
    1.3335     6667.33
    1.3975     6667.33
    1.4889     6119.14
    1.5495     6119.14
    1.6834     6119.14
    1.7921     5873.74
    1.8987     5873.74
    1.9441     5873.74
    2.0777     5873.74
    2.1714     5873.74
    2.2895     5873.74
    2.4095     5873.74
    2.4715     5873.74
    2.5735     5873.74
    2.6575     5873.74
    2.7102     5873.74
    2.8015     5873.74
    2.8655     5873.74
    2.9215     5873.74
    2.9736     5873.74
    3.0321     5873.74
    3.1575     5873.74
    3.2935     5873.74
    3.3637     5873.74
    3.4640     5873.74
    4.7691     5873.74
    4.8584     5873.74
    4.8989     5873.74
    4.9404     5873.74
    4.9953     5873.74
    5.0793     5873.74
    5.1513     5873.74
    5.2128     5873.74
    5.2600     5873.74
    5.3753     5873.74
    5.4452     5873.74
    5.5793     5873.74
    5.6618     5873.74
    5.7291     5873.74
    5.7976     5873.74
    5.8547     5873.74
    5.9433     5873.74
    5.9873     5873.74
    6.0336     5873.74
    6.0913     5873.74
    6.1593     5873.74
    6.2593     5873.74
    6.3278     5873.74
    6.4273     5873.74
    6.4753     5873.74
    6.5313     5873.74
    6.6033     5873.74
    6.6753     5873.74
    6.7247     5873.74
    6.7993     5873.74
    6.8753     5873.74
    6.9313     5873.74
    6.9993     5873.74
    7.0913     5873.74
    7.1393     5873.74
    7.1873     5873.74
    7.2433     5873.74
    7.2953     5873.74
    7.3753     5873.74
    7.4353     5873.74
    7.5193     5873.74
    7.5953     5873.74
    7.6593     5873.74
    7.7412     5873.74
    7.7993     5873.74
    7.8993     5873.74
    7.9633     5873.74
    8.0353     5873.74
    8.0779     5873.74
    8.1839     5873.74
    8.2273     5873.74
    8.3193     5873.74
    8.3687     5873.74
    8.4313     5873.74
    8.5113     5873.74
    8.5753     5873.74
    8.6233     5873.74
    8.6793     5873.74
    8.7593     5856.05
    8.8513     5397.44
    8.9513     5397.44
    9.0101     5397.44
    9.0753     5397.44
    9.1287     5397.44
    9.2033     5397.44
    9.2553     5397.44
    9.3483     5397.44
    9.4193     5397.44
    9.4877     5397.44
    9.5593     5397.44
    9.6178     5397.44
    9.6992     5397.44
    9.8003     5397.44
    9.8876     5397.44
    9.9731     5397.44
   10.1102     5397.44
   10.2393     5397.44
   10.3166     5397.44
   10.3876     5397.44
   10.4360     5397.44
   10.5373     5397.44
   10.6012     5397.44
   10.6873     5397.44
   10.8116     5397.44
   10.8793     5397.44
   10.9393     5397.44
   10.9810     5397.44
   11.0323     5397.44
   11.0939     5397.44
   11.1713     5397.44
   11.2094     5397.44
   11.2620     5397.44
   11.3193     5397.44
   11.3794     5397.44
   11.4282     5397.44
   11.5033     5397.44
   11.5754     5397.44
   11.6570     5397.44
   11.7153     5397.44
   11.7605     5397.44
   11.8233     5397.44
   11.8713     5397.44
   11.9138     5397.44
   11.9713     5397.44
   12.0120     5397.44
   12.0763     5397.44
   12.1313     5397.44
   12.1825     5397.44
   12.2433     5397.44
   12.2938     5397.44
   12.3418     5397.44
   12.4005     5397.44
   12.4490     5397.44
   12.5097     5397.44
   12.5753     5397.44
   12.6313     5397.44
   12.6793     5397.44
   12.7358     5397.44
   12.8073     5397.44
   12.8449     5397.44
   12.9362     5397.44
   12.9913     5397.44
   13.0353     5397.44
   13.0751     5397.44
   13.1216     5397.44
   13.1839     5397.44
   13.2553     5397.44
   13.3193     5397.44
   13.3596     5397.44
   13.4193     5397.44
   13.4793     5397.44
   13.5313     5397.44
   13.5993     5397.44
   13.6362     5397.44
   13.6953     5397.44
   13.7513     5397.44
   13.8193     5397.44
   13.8993     5397.44
   13.9473     5397.44
   13.9993     5397.44
   14.0601     5397.44
   14.1513     5397.44
   14.2233     5397.44
   14.2904     5397.44
   14.3593     5397.44
   14.4073     5397.44
   14.4673     5397.44
   14.5568     5397.44
   14.6393     5397.44
   14.6963     5397.44
   14.7713     5397.44
   14.8633     5397.44
   14.9130     5397.44
   14.9753     5397.44
   15.0473     5397.44
   15.1153     5397.44
   15.1755     5397.44
   15.2313     5397.44
   15.2839     5397.44
   15.3673     5397.44
   15.4193     5397.44
   15.4596     5397.44
   15.5806     5397.44
   15.6396     5397.44
   15.7018     5397.44
   15.7673     5397.44
   15.8313     5397.44
   15.8793     5397.44
   15.9187     5397.44
   15.9873     5397.44
   16.0437     5397.44
   16.1193     5397.44
   16.1540     5397.44
   16.2242     5397.44
   16.2608     5397.44
   16.3519     5397.44
   16.4040     5397.44
   16.4883     5397.44
   16.6156     5397.44
   16.6783     5397.44
   16.7496     5397.44
   16.8125     5397.44
   16.8773     5397.44
   16.9330     5397.44
   16.9811     5397.44
   17.0513     5397.44
   17.1164     5397.44
   17.2073     5397.44
   17.2978     5397.44
   17.3813     5397.44
   17.4448     5397.44
   17.5033     5397.44
   17.5793     5397.44
   17.6403     5397.44
   17.7073     5397.44
   17.7553     5397.44
   17.8073     5397.44
   17.8753     5397.44
   17.9354     5397.44
   18.0073     5397.44
   18.0569     5397.44
   18.1224     5397.44
   18.1762     5397.44
   18.2555     5397.44
   18.3153     5397.44
   18.3640     5397.44
   18.4433     5397.44
   18.4922     5397.44
   18.5473     5397.44
   18.6136     5397.44
   18.7022     5397.44
   18.7793     5397.44
   18.8553     5397.44
   18.9524     5397.44
   19.0065     5397.44
   19.0873     5397.44
   19.1446     5397.44
   19.2153     5397.44
   19.2793     5397.44
   19.3446     5397.44
   19.4233     5397.44
   19.4753     5397.44
   19.5274     5397.44
   19.5713     5397.44
   19.6273     5397.44
   19.6833     5397.44
   19.7167     5397.44
   19.7695     5397.44
   19.8433     5397.44
   19.8873     5397.44
   19.9433     5397.44
   19.9862     5397.44
   20.0513     5397.44
   20.1120     5397.44
   20.1753     5397.44
   20.2393     5397.44
   20.2814     5397.44
   20.3440     5397.44
   20.4118     5397.44
   20.4801     5397.44
   20.5501     5397.44
   20.6313     5397.44
   20.6960     5397.44
   20.7535     5397.44
   20.8025     5397.44
   20.8593     5397.44
   20.9074     5397.44
   20.9873     5397.44
   21.0429     5397.44
   21.1153     5397.44
   21.1594     5397.44
   21.2313     5397.44
   21.2953     5397.44
   21.3720     5397.44
   21.4513     5397.44
   21.5433     5397.44
   21.5836     5397.44
   21.6713     5397.44
   21.7579     5397.44
   21.8313     5397.44
   21.9373     5397.44
   22.0043     5397.44
   22.0954     5397.44
   22.1793     5397.44
   22.2372     5397.44
   22.3073     5397.44
   22.3607     5397.44
   22.4113     5397.44
   22.5433     5397.44
   22.6199     5397.44
   22.7038     5397.44
   22.7473     5397.44
   22.8273     5397.44
   22.8833     5397.44
   22.9473     5397.44
   23.0443     5397.44
   23.1299     5397.44
   23.1976     5397.44
   23.2433     5397.44
   23.3240     5397.44
   23.3968     5397.44
   23.4993     5397.44
   23.6033     5397.44
   23.6873     5397.44
   23.7398     5397.44
   23.8040     5397.44
   23.9073     5397.44
   23.9900     5397.44
   24.0953     5397.44
   24.1196     5397.44
   24.1713     5397.44
   24.2273     5397.44
   24.2633     5397.44
   24.3276     5397.44
   24.4153     5397.44
   24.4715     5397.44
   24.5209     5397.44
   24.5901     5397.44
   24.6713     5397.44
   24.7713     5397.44
   24.8501     5397.44
   24.9353     5397.44
   24.9842     5397.44
   25.0987     5397.44
   25.1513     5397.44
   25.2233     5397.44
   25.2818     5397.44
   25.3673     5397.44
   25.4473     5397.44
   25.5313     5397.44
   25.6321     5397.44
   25.7221     5397.44
   25.8003     5397.44
   25.9304     5397.44
   26.0139     5397.44
   26.0793     5397.44
   26.1273     5397.44
   26.2284     5397.44
   26.3273     5397.44
   26.3774     5397.44
   26.4417     5397.44
   26.6005     5397.44
   26.6925     5397.44
   26.7486     5397.44
   26.8241     5397.44
   26.9642     5397.44
   27.1526     5397.44
   27.2160     5397.44
   27.3153     5397.44
   27.4153     5397.44
   27.5353     5397.44
   27.6073     5397.44
   27.6874     5397.44
   27.7619     5397.44
   27.8153     5397.44
   27.9535     5397.44
   28.0393     5397.44
   28.1009     5397.44
   28.1599     5397.44
   28.2516     5397.44
   28.3481     5397.44
   28.4655     5397.44
   28.5769     5397.44
   28.6537     5397.44
   28.7357     5397.44
   28.8197     5397.44
   28.9182     5397.44
   29.0180     5397.44
   29.1313     5397.44
   29.1668     5397.44
   29.2404     5397.44
   29.3005     5397.44
   29.3620     5193.79
   29.4473     5193.79
   29.5081     5193.79
   29.5999     5193.79
   29.6753     5193.79
   29.7607     5193.79
   29.8816     5193.79
   29.9282     5193.79
   30.0273     5193.79
   30.1193     5193.79
   30.1577     5193.79
   30.2393     5193.79
   30.2953     5193.79
   30.3593     5193.79
   30.4136     5193.79
   30.4833     5193.79
   30.5273     5193.79
   30.5753     5193.79
   30.6204     5193.79
   30.6673     5193.79
   30.7097     5193.79
   30.7589     5193.79
   30.8153     5193.79
   30.8638     5193.79
   30.9353     5193.79
   30.9904     5193.79
   31.0513     5193.79
   31.1273     5193.79
   31.2153     5193.79
   31.2953     5193.79
   31.3753     5193.79
   31.4519     5193.79
   31.5128     5193.79
   31.6077     5193.79
   31.6913     5193.79
   31.7716     5193.79
   31.8753     5193.79
   31.9833     5193.79
   32.0618     5193.79
   32.1353     5193.79
   32.2513     5193.79
   32.2903     5193.79
   32.3993     5193.79
   32.5010     5193.79
   32.6141     5193.79
   32.6953     5193.79
   32.7629     5193.79
   32.8721     5193.79
   32.9382     5193.79
   33.0153     5193.79
   33.0833     5193.79
   33.1274     5193.79
   33.2182     5193.79
   33.2819     5193.79
   33.3513     5193.79
   33.4482     5193.79
   33.5219     5193.79
   33.6193     5193.79
   33.6953     5193.79
   33.7702     5193.79
   33.8473     5193.79
   33.9082     5193.79
   34.0016     5193.79
   34.0853     5193.79
   34.1604     5193.79
   34.2437     5193.79
   34.3324     5193.79
   34.4402     5193.79
   34.5113     5193.79
   34.5568     5193.79
   34.6398     5193.79
   34.7913     5193.79
   34.8462     5193.79
   34.9415     5193.79
   35.0619     5193.79
   35.1393     5193.79
   35.2479     5193.79
   35.3163     5193.79
   35.4433     5193.79
   35.5273     5193.79
   35.5913     5193.79
   35.6451     5193.79
   35.7365     5193.79
   35.8042     5193.79
   35.8883     5193.79
   35.9883     5193.79
   36.0503     5193.79
   36.1269     5193.79
   36.1954     5193.79
   36.2873     5193.79
   36.3734     5193.79
   36.4569     5193.79
   36.5128     5193.79
   36.5865     5193.79
   36.6543     5193.79
   36.7154     5193.79
   36.7724     5193.79
   36.8397     5193.79
   36.9313     5193.79
   36.9805     5193.79
   37.0313     5193.79
   37.0833     5193.79
   37.1433     5193.79
   38.4167     5193.79
   38.4851     5193.79
   38.5195     5193.79
   38.5776     5193.79
   38.6478     5193.79
   38.7266     5193.79
   38.7772     5193.79
   38.8379     5193.79
   38.9051     5193.79
   38.9507     5193.79
   39.0198     5193.79
   39.0891     5193.79
   39.1572     5193.79
   39.2451     5193.79
   39.3192     5193.79
   39.3984     5193.79
   39.4661     5193.79
   39.5611     5193.79
   39.6371     5193.79
   39.7691     5193.79
   39.8023     5193.79
   39.9139     5193.79
   40.0437     5193.79
   40.1212     5193.79
   40.1760     5193.79
   40.2357     5193.79
   40.3216     5193.79
   40.4051     5193.79
   40.4879     5193.79
   40.5932     5193.79
   40.6612     5193.79
   40.7476     5193.79
   40.8771     5193.79
   41.0332     5193.79
   41.1132     5193.79
   41.1971     5193.79
   41.2625     5193.79
   41.3611     5193.79
   41.4572     5193.79
   41.5344     5193.79
   41.6212     5193.79
   41.6971     5193.79
   41.7768     5193.79
   41.8732     5193.79
   41.9308     5193.79
   41.9670     5193.79
   42.0333     5193.79
   42.1132     5193.79
   42.1812     5193.79
   42.2732     5193.79
   42.3268     5193.79
   42.3921     5193.79
   42.4680     5193.79
   42.6360     5193.79
   42.7092     5193.79
   42.7732     5193.79
   42.8467     5193.79
   42.8886     5193.79
   42.9532     5193.79
   43.0224     5193.79
   43.0929     5193.79
   43.1773     5193.79
   43.2360     5193.79
   43.3031     5193.79
   43.4092     5193.79
   43.4812     5193.79
   43.5619     5193.79
   43.6452     5193.79
   43.6997     5193.79
   43.7701     5193.79
   43.8549     5193.79
   43.9795     5193.79
   44.0756     5193.79
   44.2161     5193.79
   44.3459     5193.79
   44.4304     5193.79
   44.5303     5193.79
   44.5813     5193.79
   44.6821     5193.79
   44.7579     5193.79
   44.9180     5193.79
   44.9860     5193.79
   45.0943     5193.79
   45.1913     5193.79
   45.2861     5193.79
   45.3928     5193.79
   45.4513     5193.79
   45.5535     5193.79
   45.6532     5193.79
   45.6997     5193.79
   45.7781     5193.79
   45.8660     5193.79
   45.9372     5193.79
   46.0507     5193.79
   46.1018     5193.79
   46.1740     5193.79
   46.2731     5193.79
   46.3414     5193.79
   46.3931     5193.79
   46.4411     5193.79
   46.4902     5193.79
   46.5572     5193.79
   46.6291     5193.79
   46.7274     5193.79
   46.7812     5193.79
   46.8332     5193.79
   46.8972     5193.79
   46.9693     5193.79
   47.0811     5193.79
   47.1411     5193.79
   47.2078     5193.79
   47.2691     5193.79
   47.3172     5193.79
   47.3580     5193.79
   47.4092     5193.79
   47.4572     5193.79
   47.5132     5193.79
   47.5652     5193.79
   47.6252     5193.79
   47.6641     5193.79
   47.7331     5193.79
   47.7875     5193.79
   47.8453     5193.79
   47.9021     5193.79
   47.9813     5193.79
   48.0291     5193.79
   48.0673     5193.79
   48.1451     5193.79
   48.2252     5193.79
   48.2812     5193.79
   48.3492     5193.79
   48.4131     5193.79
   48.4732     5193.79
   48.5531     5193.79
   48.6171     5193.79
   48.6851     5193.79
   48.7332     5193.79
   48.7932     5193.79
   48.8448     5193.79
   48.9131     5193.79
   48.9692     5193.79
   49.0291     5193.79
   49.0850     5193.79
   49.1492     5193.79
   49.1851     5193.79
   49.2571     5193.79
   49.2946     5193.79
   49.3638     5193.79
   49.4373     5193.79
   49.5012     5193.79
   49.5691     5193.79
   49.6051     5193.79
   49.6382     5193.79
   49.7131     5193.79
   49.7611     5193.79
   49.8144     5193.79
   49.8892     5193.79
   49.9491     5193.79
   49.9944     5193.79
   50.0491     5193.79
   50.1012     5193.79
   50.1682     5193.79
   50.2692     5193.79
   50.3331     5193.79
   50.3692     5193.79
   50.4372     5193.79
   50.4954     5193.79
   50.5702     5193.79
   50.6498     5193.79
   50.7052     5193.79
   50.7468     5193.79
   50.8132     5193.79
   50.8622     5193.79
   50.9406     5193.79
   50.9839     5193.79
   51.0412     5193.79
   51.1132     5193.79
   51.1852     5193.79
   51.2452     5193.79
   51.3118     5193.79
   51.3739     5193.79
   51.4178     5193.79
   51.4970     5193.79
   51.5532     5193.79
   51.6033     5193.79
   51.6732     5193.79
   51.7413     5193.79
   51.8245     5193.79
   51.8953     5193.79
   51.9451     5193.79
   52.0132     5193.79
   52.0775     5193.79
   52.1492     5193.79
   52.2307     5193.79
   52.3555     5193.79
   52.4341     5193.79
   52.5532     5193.79
   52.6211     5193.79
   52.7452     5193.79
   52.8018     5193.79
   52.8596     5193.79
   52.9675     5193.79
   53.0332     5193.79
   53.1337     5193.79
   53.2393     5193.79
   53.3031     5193.79
   53.3815     5193.79
   53.4314     5193.79
   53.5292     5193.79
   53.6746     5193.79
   53.7452     5193.79
   53.8531     5193.79
   53.9317     5193.79
   54.0156     5193.79
   54.1153     5193.79
   54.1712     5193.79
   54.3091     5193.79
   54.3732     5193.79
   54.4108     5193.79
   54.4772     5193.79
   54.5597     5193.79
   54.6371     5193.79
   54.7187     5193.79
   54.8092     5193.79
   54.8971     5193.79
   54.9707     5193.79
   55.0411     5193.79
   55.0931     5193.79
   55.1594     5193.79
   55.2171     5193.79
   55.2812     5193.79
   55.3309     5193.79
   55.3910     5193.79
   55.4652     5193.79
   55.5492     5193.79
   55.6211     5193.79
   55.7172     5193.79
   55.8012     5193.79
   55.8550     5193.79
   55.9747     5193.79
   56.0411     5193.79
   56.1226     5193.79
   56.1835     5193.79
   56.2424     5193.79
   56.3102     5193.79
   56.4211     5193.79
   56.4851     5193.79
   56.5783     5193.79
   56.6611     5193.79
   56.7891     5193.79
   56.9298     5193.79
   57.0371     5193.79
   57.1212     5193.79
   57.1790     5193.79
   57.2613     5193.79
   57.3412     5193.79
   57.4051     5193.79
   57.4572     5193.79
   57.5251     5193.79
   57.5675     5193.79
   57.6415     5193.79
   57.7113     5193.79
   57.8035     5193.79
   57.8868     5193.79
   57.9993     5193.79
   58.0786     5193.79
   58.1627     5193.79
   58.2848     5193.79
   58.3732     5193.79
   58.4492     5193.79
   58.5172     5193.79
   58.5899     5193.79
   58.6277     5193.79
   58.7111     5193.79
   58.7791     5193.79
   58.8332     5193.79
   58.9107     5193.79
   59.0382     5193.79
   59.1252     5193.79
   59.1981     5193.79
   59.2852     5193.79
   59.3679     5193.79
   59.4332     5193.79
   59.5308     5193.79
   59.5804     5193.79
   59.7172     5193.79
   59.7943     5193.79
   59.8821     5193.79
   59.9585     5193.79
   60.0335     5193.79
   60.1452     5193.79
   60.2252     5193.79
   60.2692     5193.79
   60.3892     5193.79
   60.4412     5193.79
   60.5212     5193.79
   60.6132     5193.79
   60.6679     5193.79
   60.7636     5193.79
   60.8332     5193.79
   60.9475     5193.79
   61.0340     5193.79
   61.0822     5193.79
   61.1775     5193.79
   61.2548     5193.79
   61.3252     5193.79
   61.4132     5193.79
   61.4772     5193.79
   61.5142     5193.79
   61.5892     5193.79
   61.6773     5193.79
   61.7454     5193.79
   61.8366     5193.79
   61.9423     5193.79
   62.0180     5193.79
   62.0891     5193.79
   62.1372     5193.79
   62.2059     5193.79
   62.2424     5193.79
   62.3092     5193.79
   62.3652     5193.79
   62.4007     5193.79
   62.4451     5193.79
   62.4853     5193.79
   62.5531     5193.79
   62.6074     5193.79
   62.6578     5193.79
   62.7411     5193.79
   62.8045     5193.79
   62.8526     5193.79
   62.9292     5193.79
   62.9876     5193.79
   63.0932     5193.79
   63.1193     5193.79
   63.1771     5193.79
   63.2343     5193.79
   63.3332     5193.79
   63.4161     5193.79
   63.5501     5193.79
   63.6331     5193.79
   63.6703     5193.79
   63.7291     5193.79
   63.8789     5193.79
   63.9722     5193.79
   64.1192     5193.79
   64.1939     5193.79
   64.2872     5193.79
   64.3637     5193.79
   64.5688     5193.79
   64.6532     5193.79
   64.6901     5193.79
   64.7523     5193.79
   64.8615     5193.79
   64.9587     5193.79
   65.0348     5193.79
   65.0798     5193.79
   65.1572     5193.79
   65.2344     5193.79
   65.3991     5193.79
   65.4949     5193.79
   65.5552     5193.79
   65.6851     5193.79
   65.7784     5193.79
   65.8720     5193.79
   65.9692     5193.79
   66.0128     5193.79
   66.1061     5193.79
   66.1932     5193.79
   66.2736     5193.79
   66.3790     5193.79
   66.4591     5193.79
   66.5372     5193.79
   66.6052     5193.79
   66.7076     5193.79
   66.7606     5193.79
   66.8278     5193.79
   66.9052     5193.79
   66.9771     5193.79
   67.0667     5193.79
   67.1600     5193.79
   67.2251     5193.79
   67.2652     5193.79
   67.3373     5193.79
   67.4212     5193.79
   67.5950     5193.79
   67.6652     5193.79
   67.7212     5193.79
   67.7610     5193.79
   67.8132     5193.79
   67.9012     5193.79
   67.9740     5193.79
   68.0292     5193.79
   68.0791     5193.79
   68.1488     5193.79
   68.2332     5193.79
   68.2769     5193.79
   68.3428     5193.79
   68.3956     5193.79
   68.4702     5193.79
   68.5360     5193.79
   68.5896     5193.79
   68.6698     5193.79
   68.8532     5193.79
   68.9411     5193.79
   69.0332     5193.79
   69.1029     5193.79
   69.1828     5193.79
   69.2509     5193.79
   69.3317     5193.79
   69.4221     5193.79
   69.4985     5193.79
   69.5852     5193.79
   69.6295     5193.79
   69.7149     5193.79
   69.7511     5193.79
   69.8252     5193.79
   69.8933     5193.79
   69.9612     5193.79
   70.0114     5193.79
   70.0812     5193.79
   70.1612     5193.79
   70.2007     5193.79
   70.2651     5193.79
   70.3131     5193.79
   70.3731     5193.79
   70.4371     5193.79
   70.4790     5193.79
   70.5365     5193.79
   70.5932     5193.79
   71.8345     5193.79
   71.9065     5193.79
   71.9665     5193.79
   72.0408     5193.79
   72.0865     5193.79
   72.1385     5193.79
   72.1945     5193.79
   72.2281     5193.79
   72.2825     5193.79
   72.3473     5193.79
   72.4145     5193.79
   72.4548     5193.79
   72.5226     5193.79
   72.5745     5193.79
   72.6185     5193.79
   72.6825     5193.79
   72.7341     5193.79
   72.8225     5193.79
   72.8690     5193.79
   72.9305     5193.79
   72.9827     5193.79
   73.0305     5193.79
   73.0811     5193.79
   73.1284     5193.79
   73.1865     5193.79
   73.2418     5193.79
   73.3105     5193.79
   73.3491     5193.79
   73.4265     5193.79
   73.4891     5193.79
   73.5493     5193.79
   73.6065     5193.79
   73.6545     5193.79
   73.7145     5193.79
   73.7652     5193.79
   73.8225     5193.79
   73.9465     5193.79
   74.0813     5193.79
   74.1797     5193.79
   74.2968     5193.79
   74.3918     5193.79
   74.4642     5193.79
   74.5131     5193.79
   74.5995     5193.79
   74.6724     5193.79
   74.7465     5193.79
   74.8126     5193.79
   74.9195     5193.79
   75.0044     5193.79
   75.1163     5193.79
   75.2560     5193.79
   75.3157     5193.79
   75.4265     5193.79
   75.5247     5193.79
   75.6121     5193.79
   75.7025     5193.79
   75.8130     5193.79
   75.9345     5193.79
   76.0174     5193.79
   76.1025     5193.79
   76.1567     5193.79
   76.2625     5193.79
   76.3644     5193.79
   76.4248     5193.79
   76.5105     5193.79
   76.6225     5193.79
   76.6985     5193.79
   76.7631     5193.79
   76.8433     5193.79
   76.9285     5193.79
   77.0359     5193.79
   77.1785     5193.79
   77.3065     5193.79
   77.3705     5193.79
   77.4400     5193.79
   77.5029     5193.79
   77.6105     5193.79
   77.6875     5193.79
   77.7945     5193.79
   77.8717     5193.79
   77.9901     5193.79
   78.0830     5193.79
   78.1625     5193.79
   78.2503     5193.79
   78.3265     5193.79
   78.4195     5193.79
   78.4982     5193.79
   78.5705     5193.79
   78.6234     5193.79
   78.7133     5193.79
   78.7945     5193.79
   78.8745     5193.79
   78.9545     5193.79
   79.0345     5193.79
   79.1065     5193.79
   79.1612     5193.79
   79.2465     5193.79
   79.3006     5193.79
   79.3625     5193.79
   79.4425     5193.79
   79.5065     5193.79
   79.5745     5193.79
   79.6272     5193.79
   79.6945     5193.79
   79.7585     5193.79
   79.8185     5193.79
   79.8767     5193.79
   79.9207     5193.79
   79.9785     5193.79
   80.0465     5193.79
   80.1145     5193.79
   80.1905     5193.79
   80.2265     5193.79
   80.3105     5193.79
   80.4105     5193.79
   80.4479     5193.79
   80.5104     5193.79
   80.6435     5193.79
   80.6945     5193.79
   80.7905     5193.79
   80.8585     5193.79
   80.9105     5193.79
   81.0509     5193.79
   81.1665     5193.79
   81.2004     5193.79
   81.2865     5193.79
   81.3705     5193.79
   81.4305     5193.79
   81.4785     5193.79
   81.5225     5193.79
   81.5865     5193.79
   81.6345     5193.79
   81.7077     5193.79
   81.7687     5193.79
   81.8232     5193.79
   81.8945     5193.79
   81.9705     5193.79
   82.0185     5193.79
   82.0828     5193.79
   82.1305     5193.79
   82.1865     5193.79
   82.2465     5193.79
   82.3105     5193.79
   82.3745     5193.79
   82.4311     5193.79
   82.5065     5193.79
   82.5745     5193.79
   82.6145     5193.79
   82.6785     5193.79
   82.7665     5193.79
   82.8716     5193.79
   82.9149     5193.79
   82.9985     5193.79
   83.0480     5193.79
   83.1265     5193.79
   83.1905     5193.79
   83.2745     5193.79
   83.3425     5193.79
   83.4145     5193.79
   83.4865     5193.79
   83.5474     5193.79
   83.5945     5193.79
   83.6405     5193.79
   83.7120     5193.79
   83.7865     5193.79
   83.8425     5193.79
   83.9105     5193.79
   83.9745     5193.79
   84.0345     5193.79
   84.0827     5193.79
   84.1497     5193.79
   84.2065     5193.79
   84.2675     5193.79
   84.3305     5193.79
   84.4105     5193.79
   84.4705     5193.79
   84.5251     5193.79
   84.5609     5193.79
   84.6105     5193.79
   84.6721     5193.79
   84.7747     5193.79
   84.8425     5193.79
   84.9385     5193.79
   85.0059     5193.79
   85.0745     5193.79
   85.1479     5193.79
   85.2225     5193.79
   85.2930     5193.79
   85.3599     5193.79
   85.4460     5193.79
   85.5187     5193.79
   85.6218     5193.79
   85.7105     5193.79
   85.7747     5193.79
   85.8495     5193.79
   85.9214     5193.79
   85.9878     5193.79
   86.0825     5193.79
   86.1705     5193.79
   86.2665     5193.79
   86.3465     5193.79
   86.4133     5193.79
   86.4721     5193.79
   86.5369     5193.79
   86.5990     5193.79
   86.6865     5193.79
   86.7660     5193.79
   86.8385     5193.79
   86.8796     5193.79
   87.0214     5193.79
   87.2160     5193.79
   87.2967     5193.79
   87.3905     5193.79
   87.4585     5193.79
   87.5265     5193.79
   87.5945     5193.79
   87.6905     5193.79
   87.7505     5193.79
   87.8523     5193.79
   87.9145     5193.79
   87.9825     5193.79
   88.0465     5193.79
   88.1105     5193.79
   88.1785     5193.79
   88.2625     5193.79
   88.3265     5193.79
   88.3943     5193.79
   88.4585     5193.79
   88.5305     5193.79
   88.6025     5193.79
   88.6905     5193.79
   88.7545     5193.79
   88.8385     5193.79
   88.8985     5193.79
   88.9825     5193.79
   89.0865     5193.79
   89.1625     5193.79
   89.2505     5193.79
   89.4363     5193.79
   89.5203     5193.79
   89.6065     5193.79
   89.6546     5193.79
   89.7145     5193.79
   89.7665     5193.79
   89.8265     5193.79
   89.8945     5193.79
   89.9625     5193.79
   90.0225     5193.79
   90.0825     5193.79
   90.1305     5193.79
   90.1905     5193.79
   90.2603     5193.79
   90.3305     5193.79
   90.3745     5193.79
   90.4265     5193.79
   90.4843     5193.79
   90.5566     5193.79
   90.6209     5193.79
   90.6882     5193.79
   90.7665     5193.79
   90.8225     5193.79
   90.8720     5193.79
   90.9545     5193.79
   91.0225     5193.79
   91.0990     5193.79
   91.1558     5193.79
   91.2157     5193.79
   91.3025     5193.79
   91.3645     5193.79
   91.4434     5193.79
   91.5345     5193.79
   91.6265     5193.79
   91.7065     5193.79
   91.7905     5193.79
   91.8487     5193.79
   91.9169     5193.79
   91.9905     5193.79
   92.0505     5193.79
   92.1105     5193.79
   92.1745     5193.79
   92.2465     5193.79
   92.3071     5193.79
   92.3825     5193.79
   92.4258     5193.79
   92.5105     5193.79
   92.5786     5193.79
   92.6865     5193.79
   92.7665     5193.79
   92.8265     5193.79
   92.8985     5193.79
   92.9713     5193.79
   93.0465     5193.79
   93.1025     5193.79
   93.1652     5193.79
   93.2785     5193.79
   93.3465     5193.79
   93.3994     5193.79
   93.4665     5193.79
   93.5279     5193.79
   93.5881     5193.79
   93.6625     5193.79
   93.7016     5193.79
   93.7900     5193.79
   93.8865     5193.79
   93.9449     5193.79
   94.0268     5193.79
   94.1865     5193.79
   94.2856     5193.79
   94.3665     5193.79
   94.4137     5193.79
   94.4892     5193.79
   94.5741     5193.79
   94.6545     5193.79
   94.7124     5193.79
   94.7853     5193.79
   94.8630     5193.79
   94.9344     5193.79
   94.9865     5193.79
   95.0630     5193.79
   95.1385     5193.79
   95.1920     5193.79
   95.2506     5193.79
   95.3425     5193.79
   95.3990     5193.79
   95.5780     5193.79
   95.7225     5193.79
   95.8505     5193.79
   95.9105     5193.79
   96.0126     5193.79
   96.0880     5193.79
   96.1790     5193.79
   96.2505     5193.79
   96.3041     5193.79
   96.3929     5193.79
   96.4676     5193.79
   96.5514     5193.79
   96.6421     5193.79
   96.7281     5193.79
   96.8204     5193.79
   96.9350     5193.79
   96.9985     5193.79
   97.0900     5193.79
   97.2345     5193.79
   97.2945     5193.79
   97.4400     5193.79
   97.5287     5193.79
   97.6145     5193.79
   97.6945     5193.79
   97.7745     5193.79
   97.8585     5193.79
   97.9705     5193.79
   98.0277     5193.79
   98.0748     5193.79
   98.1330     5193.79
   98.2105     5193.79
   98.2785     5193.79
   98.3705     5193.79
   98.4339     5193.79
   98.4865     5193.79
   98.5385     5193.79
   98.6021     5193.79
   98.6665     5193.79
   98.7215     5193.79
   98.8124     5193.79
   98.8865     5193.79
   98.9601     5193.79
   99.0337     5193.79
   99.0905     5193.79
   99.1451     5193.79
   99.1975     5193.79
   99.2545     5193.79
   99.3179     5193.79
   99.3785     5193.79
   99.4425     5193.79
   99.5065     5193.79
   99.6185     5193.79
   99.6825     5193.79
   99.7865     5193.79
   99.8431     5193.79
   99.9345     5193.79
  100.0185     5193.79
  100.0945     5193.79
  100.1379     5193.79
  100.1945     5193.79
  100.2410     5193.79
  100.3195     5193.79
  100.3745     5193.79
  100.4545     5193.79
  100.5385     5193.79
  100.6505     5193.79
  100.7225     5193.79
  100.8145     5193.79
  100.8589     5193.79
  100.9465     5193.79
  101.0105     5193.79
  101.0705     5193.79
  101.1465     5193.79
  101.2187     5193.79
  101.2904     5193.79
  101.3472     5193.79
  101.4385     5193.79
  101.5083     5193.79
  101.5985     5193.79
  101.6593     5193.79
  101.7546     5193.79
  101.7994     5193.79
  101.8825     5193.79
  101.9447     5193.79
  102.0185     5193.79
  102.0684     5193.79
  102.1562     5193.79
  102.2772     5193.79
  102.3896     5193.79
  102.4625     5193.79
  102.5345     5193.79
  102.5825     5193.79
  102.6345     5193.79
  102.7155     5193.79
  102.8225     5193.79
  102.9135     5193.79
  102.9625     5193.79
  103.0345     5193.79
  103.1019     5193.79
  103.1825     5193.79
  103.2270     5193.79
  103.2985     5193.79
  103.3605     5193.79
  103.4265     5193.79
  103.4957     5193.79
  103.5442     5193.79
  103.6028     5193.79
  103.6505     5193.79
  103.7031     5193.79
  103.7825     5193.79
  103.8305     5193.79
  103.8986     5193.79
  103.9745     5193.79
  104.0225     5193.79
  104.0825     5193.79
  105.6319     5193.79
  105.6892     5193.79
  105.7439     5193.79
  105.8172     5193.79
  105.8852     5193.79
  105.9562     5193.79
  106.0219     5193.79
  106.1012     5193.79
  106.1589     5193.79
  106.2159     5193.79
  106.3172     5193.79
  106.3831     5193.79
  106.4456     5193.79
  106.4954     5193.79
  106.5732     5193.79
  106.5988     5193.79
  106.7088     5193.79
  106.8139     5193.79
  106.9452     5193.79
  107.0412     5193.79
  107.1161     5193.79
  107.2493     5193.79
  107.3252     5193.79
  107.3995     5193.79
  107.4772     5193.79
  107.5737     5193.79
  107.6579     5193.79
  107.8063     5193.79
  107.9132     5193.79
  108.0558     5193.79
  108.1248     5193.79
  108.1969     5193.79
  108.2878     5193.79
  108.3958     5193.79
  108.4799     5193.79
  108.5816     5193.79
  108.6368     5193.79
  108.7230     5193.79
  108.7665     5193.79
  108.8501     5193.79
  108.9323     5193.79
  109.0239     5193.79
  109.1080     5193.79
  109.2234     5193.79
  109.2861     5193.79
  109.3574     5193.79
  109.4088     5193.79
  109.4932     5193.79
  109.5234     5193.79
  109.6119     5193.79
  109.7529     5193.79
  109.8775     5193.79
  109.9742     5193.79
  110.0667     5193.79
  110.1641     5193.79
  110.2981     5193.79
  110.3772     5193.79
  110.4732     5193.79
  110.5492     5193.79
  110.5939     5193.79
  110.7225     5193.79
  110.8572     5193.79
  110.9226     5193.79
  111.0030     5193.79
  111.1012     5193.79
  111.1309     5193.79
  111.1869     5193.79
  111.3372     5193.79
  111.4172     5193.79
  111.4634     5193.79
  111.5932     5193.79
  111.6880     5193.79
  111.7492     5193.79
  111.8172     5193.79
  111.9252     5193.79
  112.0147     5193.79
  112.0917     5193.79
  112.1947     5193.79
  112.2492     5193.79
  112.3217     5193.79
  112.4092     5193.79
  112.4732     5193.79
  112.5452     5193.79
  112.5889     5193.79
  112.6650     5193.79
  112.7555     5193.79
  112.8253     5193.79
  112.9012     5193.79
  112.9692     5193.79
  113.0292     5193.79
  113.0869     5193.79
  113.1492     5193.79
  113.1932     5193.79
  113.2452     5193.79
  113.2933     5193.79
  113.3399     5193.79
  113.3932     5193.79
  113.4397     5193.79
  113.4892     5193.79
  113.5652     5193.79
  113.6255     5193.79
  113.6812     5193.79
  113.7252     5193.79
  113.8012     5193.79
  113.8612     5193.79
  113.9114     5193.79
  113.9732     5193.79
  114.0212     5193.79
  114.0932     5193.79
  114.1573     5193.79
  114.2096     5193.79
  114.2652     5193.79
  114.3047     5193.79
  114.3692     5193.79
  114.4212     5193.79
  114.4732     5193.79
  114.5413     5193.79
  114.6052     5193.79
  114.6612     5193.79
  114.7255     5193.79
  114.7973     5193.79
  114.8615     5193.79
  114.9240     5193.79
  114.9783     5193.79
  115.1012     5193.79
  115.1926     5193.79
  115.2652     5193.79
  115.3019     5193.79
  115.4172     5193.79
  115.4759     5193.79
  115.5497     5193.79
  115.6492     5193.79
  115.6995     5193.79
  115.7852     5193.79
  115.8429     5193.79
  115.9412     5193.79
  116.0172     5193.79
  116.0732     5193.79
  116.1319     5193.79
  116.1932     5193.79
  116.2492     5193.79
  116.3092     5193.79
  116.3847     5193.79
  116.4732     5193.79
  116.5174     5193.79
  116.5852     5193.79
  116.6612     5193.79
  116.7412     5193.79
  116.8092     5193.79
  116.8732     5193.79
  116.9697     5193.79
  117.0148     5193.79
  117.0811     5193.79
  117.1732     5193.79
  117.2772     5193.79
  117.3427     5193.79
  117.5012     5193.79
  117.5852     5193.79
  117.6293     5193.79
  117.6892     5193.79
  117.7314     5193.79
  117.7925     5193.79
  117.8750     5193.79
  117.9513     5193.79
  118.0252     5193.79
  118.0658     5193.79
  118.1384     5193.79
  118.2153     5193.79
  118.3344     5193.79
  118.3878     5193.79
  118.4773     5193.79
  118.5507     5193.79
  118.6110     5193.79
  118.6639     5193.79
  118.7061     5193.79
  118.7813     5193.79
  118.8278     5193.79
  118.9479     5193.79
  119.0252     5193.79
  119.0760     5193.79
  119.1378     5193.79
  119.2329     5193.79
  119.2895     5193.79
  119.3732     5193.79
  119.4700     5193.79
  119.5655     5193.79
  119.6145     5193.79
  119.6799     5193.79
  119.7598     5193.79
  119.8351     5193.79
  119.8796     5193.79
  119.9516     5193.79
  120.0777     5193.79
  120.1358     5193.79
  120.2109     5193.79
  120.2869     5193.79
  120.3692     5193.79
  120.5093     5193.79
  120.6517     5193.79
  120.7774     5193.79
  120.8633     5193.79
  120.9908     5193.79
  121.0692     5193.79
  121.1652     5193.79
  121.2257     5193.79
  121.2879     5193.79
  121.3733     5193.79
  121.5052     5193.79
  121.5895     5193.79
  121.6612     5193.79
  121.8065     5193.79
  121.9469     5193.79
  122.1306     5193.79
  122.2007     5193.79
  122.3076     5193.79
  122.4467     5193.79
  122.5653     5193.79
  122.7132     5193.79
  122.8001     5193.79
  122.8435     5193.79
  122.8747     5193.79
  122.9477     5193.79
  123.0612     5193.79
  123.1534     5193.79
  123.2421     5193.79
  123.3161     5193.79
  123.4012     5193.79
  123.5269     5193.79
  123.5903     5193.79
  123.6572     5193.79
  123.7376     5193.79
  123.7952     5193.79
  123.9092     5193.79
  123.9865     5193.79
  124.0888     5193.79
  124.1612     5193.79
  124.2533     5193.79
  124.3147     5193.79
  124.3972     5193.79
  124.4597     5193.79
  124.5437     5193.79
  124.6332     5193.79
  124.6993     5193.79
  124.7835     5193.79
  124.8374     5193.79
  124.9470     5193.79
  125.0053     5193.79
  125.0322     5193.79
  125.1338     5193.79
  125.2939     5193.79
  125.4139     5193.79
  125.4880     5193.79
  125.5475     5193.79
  125.6067     5193.79
  125.7106     5193.79
  125.7612     5193.79
  125.8599     5193.79
  125.9372     5193.79
  126.0013     5193.79
  126.0854     5193.79
  126.1714     5193.79
  126.2337     5193.79
  126.3507     5193.79
  126.4215     5193.79
  126.5479     5193.79
  126.6419     5193.79
  126.7053     5193.79
  126.8053     5193.79
  126.9114     5193.79
  127.0232     5193.79
  127.1479     5193.79
  127.2612     5193.79
  127.3492     5193.79
  127.4712     5193.79
  127.6412     5193.79
  127.7372     5193.79
  127.8812     5193.79
  127.9572     5193.79
  128.0692     5193.79
  128.1332     5193.79
  128.2092     5193.79
  128.2733     5193.79
  128.3652     5193.79
  128.4707     5193.79
  128.5612     5193.79
  128.6153     5193.79
  128.7012     5193.79
  128.7666     5193.79
  128.8507     5193.79
  128.9043     5193.79
  128.9612     5193.79
  129.0211     5193.79
  129.0812     5193.79
  129.1292     5193.79
  129.1932     5193.79
  129.2893     5193.79
  129.3497     5193.79
  129.4212     5193.79
  129.4796     5193.79
  129.5292     5193.79
  129.5875     5193.79
  129.6587     5193.79
  129.7108     5193.79
  129.7732     5193.79
  129.8174     5193.79
  129.8933     5193.79
  129.9500     5193.79
  130.0121     5193.79
  130.1132     5193.79
  130.1695     5193.79
  130.2612     5193.79
  130.3132     5193.79
  130.3549     5193.79
  130.4292     5193.79
  130.4772     5193.79
  130.5377     5193.79
  130.6092     5193.79
  130.6551     5193.79
  130.7131     5193.79
  130.7804     5193.79
  130.8412     5193.79
  130.8841     5193.79
  130.9452     5193.79
  131.0332     5193.79
  131.0921     5193.79
  131.1492     5193.79
  131.2012     5193.79
  131.2390     5193.79
  131.3172     5193.79
  131.3878     5193.79
  131.4332     5193.79
  131.4812     5193.79
  131.5315     5193.79
  131.5952     5193.79
  131.6532     5193.79
  131.7059     5193.79
  131.8172     5193.79
  131.8812     5193.79
  131.9505     5193.79
  132.0098     5193.79
  132.0692     5193.79
  132.1413     5193.79
  132.2252     5193.79
  132.2732     5193.79
  132.3533     5193.79
  132.4092     5193.79
  132.4772     5193.79
  132.5332     5193.79
  132.6112     5193.79
  132.6671     5193.79
  132.7282     5193.79
  132.7945     5193.79
  132.8574     5193.79
  132.9292     5193.79
  133.0556     5193.79
  133.1853     5193.79
  133.2317     5193.79
  133.2972     5193.79
  133.3572     5193.79
  133.4252     5193.79
  133.4892     5193.79
  133.5690     5193.79
  133.6692     5193.79
  133.7121     5193.79
  133.7652     5193.79
  133.8220     5193.79
  133.8829     5193.79
  133.9406     5193.79
  134.0012     5193.79
  134.0401     5193.79
  134.1012     5193.79
  134.1532     5193.79
  134.2012     5193.79
  134.2512     5193.79
  134.3132     5193.79
  134.3628     5193.79
  134.4172     5193.79
  134.4932     5193.79
  134.5573     5193.79
  134.6300     5193.79
  134.6932     5193.79
  134.7412     5193.79
  134.7941     5193.79
  134.8699     5193.79
  134.9372     5193.79
  135.0312     5193.79
  135.1052     5193.79
  135.1814     5193.79
  135.2317     5193.79
  135.2892     5193.79
  135.3636     5193.79
  135.4042     5193.79
  135.4836     5193.79
  135.5589     5193.79
  135.6412     5193.79
  135.7277     5193.79
  135.8036     5193.79
  135.9021     5193.79
  135.9853     5193.79
  136.0492     5193.79
  136.1172     5193.79
  136.2452     5193.79
  136.3356     5193.79
  136.3943     5193.79
  136.4985     5193.79
  136.5773     5193.79
  136.7463     5193.79
  136.8475     5193.79
  136.9922     5193.79
  137.0897     5193.79
  137.1989     5193.79
  137.3892     5193.79
  137.4692     5193.79
  137.5852     5193.79
  137.6692     5193.79
  137.7368     5193.79
  137.8070     5193.79
  137.9372     5193.79
  138.0172     5193.79
  139.4582     5193.79
  139.5342     5193.79
  139.6182     5193.79
  139.7189     5193.79
  139.8042     5193.79
  139.9022     5193.79
  139.9599     5193.79
  140.0590     5193.79
  140.1440     5193.79
  140.2066     5193.79
  140.2502     5193.79
  140.3142     5193.79
  140.3702     5193.79
  140.4537     5193.79
  140.5622     5193.79
  140.6156     5193.79
  140.7142     5193.79
  140.7862     5193.79
  140.8408     5193.79
  140.9077     5193.79
  140.9934     5193.79
  141.0862     5193.79
  141.1622     5193.79
  141.2382     5193.79
  141.3210     5193.79
  141.3862     5193.79
  141.4382     5193.79
  141.5062     5193.79
  141.6022     5193.79
  141.7262     5193.79
  141.8003     5193.79
  141.8529     5193.79
  141.9372     5193.79
  142.0062     5193.79
  142.0665     5193.79
  142.1302     5193.79
  142.2079     5193.79
  142.2783     5193.79
  142.4022     5193.79
  142.4833     5193.79
  142.5942     5193.79
  142.6564     5193.79
  142.7532     5193.79
  142.8262     5193.79
  142.8782     5193.79
  143.0012     5193.79
  143.0862     5193.79
  143.1475     5193.79
  143.2042     5193.79
  143.2532     5193.79
  143.3148     5193.79
  143.3582     5193.79
  143.4102     5193.79
  143.4588     5193.79
  143.5018     5193.79
  143.5796     5193.79
  143.6622     5193.79
  143.7382     5193.79
  143.7915     5193.79
  143.8666     5193.79
  143.9342     5193.79
  143.9862     5193.79
  144.0368     5193.79
  144.1182     5193.79
  144.1937     5193.79
  144.2542     5193.79
  144.3142     5193.79
  144.3794     5193.79
  144.4382     5193.79
  144.5062     5193.79
  144.5573     5193.79
  144.6422     5193.79
  144.7082     5193.79
  144.7702     5193.79
  144.8302     5193.79
  144.8922     5193.79
  144.9321     5193.79
  145.0022     5193.79
  145.0822     5193.79
  145.1357     5193.79
  145.2142     5193.79
  145.2982     5193.79
  145.3968     5193.79
  145.4622     5193.79
  145.5542     5193.79
  145.6315     5193.79
  145.7022     5193.79
  145.7542     5193.79
  145.8382     5193.79
  145.9182     5193.79
  145.9688     5193.79
  146.0636     5193.79
  146.1222     5193.79
  146.1769     5193.79
  146.2862     5193.79
  146.3680     5193.79
  146.4270     5193.79
  146.5342     5193.79
  146.6102     5193.79
  146.6822     5193.79
  146.7422     5193.79
  146.8102     5193.79
  146.8822     5193.79
  146.9356     5193.79
  147.0262     5193.79
  147.1104     5193.79
  147.1902     5193.79
  147.2582     5193.79
  147.2902     5193.79
  147.3742     5193.79
  147.4389     5193.79
  147.5222     5193.79
  147.5853     5193.79
  147.6666     5193.79
  147.7167     5193.79
  147.7822     5193.79
  147.8342     5193.79
  147.9022     5193.79
  147.9582     5193.79
  148.0222     5193.79
  148.0982     5193.79
  148.1422     5193.79
  148.2022     5193.79
  148.2902     5193.79
  148.3742     5193.79
  148.4654     5193.79
  148.5490     5193.79
  148.6351     5193.79
  148.7079     5193.79
  148.7702     5193.79
  148.8462     5193.79
  148.8909     5193.79
  148.9702     5193.79
  149.0421     5193.79
  149.1222     5193.79
  149.1828     5193.79
  149.2902     5193.79
  149.3382     5193.79
  149.3982     5193.79
  149.4662     5193.79
  149.5502     5193.79
  149.6394     5193.79
  149.7422     5193.79
  149.7982     5193.79
  149.8563     5193.79
  149.9342     5193.79
  149.9862     5193.79
  150.0702     5193.79
  150.1182     5193.79
  150.1742     5193.79
  150.2222     5193.79
  150.2558     5193.79
  150.3022     5193.79
  150.3622     5193.79
  150.4068     5193.79
  150.4702     5193.79
  150.5422     5193.79
  150.5922     5193.79
  150.6502     5193.79
  150.6982     5193.79
  150.7663     5193.79
  150.8262     5193.79
  150.8764     5193.79
  150.9367     5193.79
  151.0102     5193.79
  151.0782     5193.79
  151.1462     5193.79
  151.2142     5193.79
  151.2461     5193.79
  151.2982     5193.79
  151.3300     5193.79
  151.3742     5193.79
  151.4382     5193.79
  151.4800     5193.79
  151.5382     5193.79
  151.5862     5193.79
  151.6370     5193.79
  151.7142     5193.79
  151.7508     5193.79
  151.8142     5193.79
  151.8590     5193.79
  151.9262     5193.79
  151.9889     5193.79
  152.0702     5193.79
  152.1353     5193.79
  152.1982     5193.79
  152.2862     5193.79
  152.3502     5193.79
  152.3948     5193.79
  152.4422     5193.79
  152.4822     5193.79
  152.5542     5193.79
  152.6142     5193.79
  152.6662     5193.79
  152.7222     5193.79
  152.7742     5193.79
  152.8302     5193.79
  152.8774     5193.79
  152.9782     5193.79
  153.0463     5193.79
  153.1382     5193.79
  153.2102     5193.79
  153.2633     5193.79
  153.3462     5193.79
  153.4262     5193.79
  153.4862     5193.79
  153.5302     5193.79
  153.5742     5193.79
  153.6313     5193.79
  153.6834     5193.79
  153.7502     5193.79
  153.7895     5193.79
  153.8622     5193.79
  153.9215     5193.79
  153.9982     5193.79
  154.0534     5193.79
  154.0963     5193.79
  154.1607     5193.79
  154.2102     5193.79
  154.2744     5193.79
  154.3194     5193.79
  154.3953     5193.79
  154.4662     5193.79
  154.5182     5193.79
  154.5619     5193.79
  154.6262     5193.79
  154.7022     5193.79
  154.7502     5193.79
  154.8262     5193.79
  154.8742     5193.79
  154.9622     5193.79
  155.0182     5193.79
  155.0662     5193.79
  155.1582     5193.79
  155.2022     5193.79
  155.2587     5193.79
  155.3224     5193.79
  155.4182     5193.79
  155.4668     5193.79
  155.5302     5193.79
  155.5822     5193.79
  155.6542     5193.79
  155.7022     5193.79
  155.7662     5193.79
  155.8222     5193.79
  155.8942     5193.79
  155.9438     5193.79
  156.0022     5193.79
  156.0662     5193.79
  156.1222     5193.79
  156.1982     5193.79
  156.3022     5193.79
  156.3662     5193.79
  156.4222     5193.79
  156.4822     5193.79
  156.5536     5193.79
  156.6502     5193.79
  156.6990     5193.79
  156.7542     5193.79
  156.8195     5193.79
  156.8970     5193.79
  156.9731     5193.79
  157.0662     5193.79
  157.1207     5193.79
  157.2022     5193.79
  157.2742     5193.79
  157.3382     5193.79
  157.3957     5193.79
  157.4815     5193.79
  157.5512     5193.79
  157.6262     5193.79
  157.6702     5193.79
  157.7262     5193.79
  157.7702     5193.79
  157.8462     5193.79
  157.9032     5193.79
  157.9902     5193.79
  158.0582     5193.79
  158.1096     5193.79
  158.1582     5193.79
  158.2115     5193.79
  158.2706     5193.79
  158.3462     5193.79
  158.4019     5193.79
  158.4862     5193.79
  158.5520     5193.79
  158.6062     5193.79
  158.6449     5193.79
  158.7062     5193.79
  158.7542     5193.79
  158.8102     5193.79
  158.8582     5193.79
  158.8924     5193.79
  158.9672     5193.79
  159.0342     5193.79
  159.0672     5193.79
  159.1382     5193.79
  159.1955     5193.79
  159.2542     5193.79
  159.3009     5193.79
  159.3582     5193.79
  159.4062     5193.79
  159.4606     5193.79
  159.5228     5193.79
  159.5598     5193.79
  159.6315     5193.79
  159.6862     5193.79
  159.7302     5193.79
  159.8022     5193.79
  159.8500     5193.79
  159.9142     5193.79
  159.9805     5193.79
  160.0582     5193.79
  160.1342     5193.79
  160.1902     5193.79
  160.2542     5193.79
  160.3102     5193.79
  160.3582     5193.79
  160.4204     5193.79
  160.4742     5193.79
  160.5334     5193.79
  160.6262     5193.79
  160.6723     5193.79
  160.7308     5193.79
  160.8182     5193.79
  160.8933     5193.79
  160.9582     5193.79
  161.0022     5193.79
  161.0822     5193.79
  161.1425     5193.79
  161.2302     5193.79
  161.3182     5193.79
  161.3806     5193.79
  161.4422     5193.79
  161.4942     5193.79
  161.5309     5193.79
  161.5982     5193.79
  161.6382     5193.79
  161.7102     5193.79
  161.7821     5193.79
  161.8782     5193.79
  161.9458     5193.79
  162.0059     5193.79
  162.0742     5193.79
  162.1174     5193.79
  162.1782     5193.79
  162.2210     5193.79
  162.2728     5193.79
  162.3262     5193.79
  162.3837     5193.79
  162.4617     5193.79
  162.5136     5193.79
  162.5762     5193.79
  162.6382     5193.79
  162.6804     5193.79
  162.7531     5193.79
  162.8342     5193.79
  162.9168     5193.79
  162.9751     5193.79
  163.0542     5193.79
  163.1382     5193.79
  163.2422     5193.79
  163.3104     5193.79
  163.3910     5193.79
  163.4942     5193.79
  163.6062     5193.79
  163.6960     5193.79
  163.7662     5193.79
  163.8442     5193.79
  163.9197     5193.79
  163.9971     5193.79
  164.0582     5193.79
  164.1158     5193.79
  164.1926     5193.79
  164.2662     5193.79
  164.3273     5193.79
  164.4046     5193.79
  164.4587     5193.79
  164.5342     5193.79
  164.5859     5193.79
  164.6382     5193.79
  164.6826     5193.79
  164.7502     5193.79
  164.8069     5193.79
  164.8702     5193.79
  164.9422     5193.79
  164.9955     5193.79
  165.0308     5193.79
  165.0822     5193.79
  165.1422     5193.79
  165.1902     5193.79
  165.2275     5193.79
  165.2782     5193.79
  165.3502     5193.79
  165.4342     5193.79
  165.5262     5193.79
  165.5742     5193.79
  165.6622     5193.79
  165.7149     5193.79
  165.7742     5193.79
  165.8222     5193.79
  165.8749     5193.79
  165.9298     5193.79
  165.9942     5193.79
  166.0433     5193.79
  166.1062     5193.79
  166.1599     5193.79
  166.2145     5193.79
  166.3067     5193.79
  166.3462     5193.79
  166.4302     5193.79
  166.4742     5193.79
  166.5342     5193.79
  166.5902     5193.79
  166.6462     5193.79
  166.7015     5193.79
  166.7702     5193.79
  166.8291     5193.79
  166.8862     5193.79
  166.9256     5193.79
  167.0102     5193.79
  167.0982     5193.79
  167.1822     5193.79
  167.2422     5193.79
  167.3044     5193.79
  167.3982     5193.79
  167.4782     5193.79
  167.5502     5193.79
  167.6142     5193.79
  167.6742     5193.79
  167.7305     5193.79
  167.8047     5193.79
  167.8862     5193.79
  167.9671     5193.79
  168.0679     5193.79
  168.1342     5193.79
  168.2154     5193.79
  168.2552     5193.79
  168.3062     5193.79
  168.3702     5193.79
  168.4599     5193.79
  168.5187     5177.49
  168.5862     5177.49
  168.6462     5177.49
  168.7096     5177.49
  168.7745     5177.49
  168.8542     5177.49
  168.9222     5177.49
  169.0006     5177.49
  169.0862     5177.49
  169.1366     5177.49
  169.2071     5177.49
  169.2702     5177.49
  169.3342     5177.49
  169.3902     5177.49
  169.5022     5177.49
  169.5664     5177.49
  169.6358     5177.49
  169.7170     5177.49
  169.7982     5177.49
  169.9102     5177.49
  169.9822     5177.49
  170.0702     5177.49
  170.1324     5177.49
  170.2062     5177.49
  170.2769     5177.49
  170.3344     5177.49
  170.3995     5177.49
  170.4761     5177.49
  170.5577     5177.49
  170.6363     5177.49
  170.6999     5177.49
  170.8142     5177.49
  170.9142     5177.49
  170.9844     5177.49
  171.0702     5177.49
  171.1632     5177.49
  171.2138     5177.49
  171.2982     5177.49
  171.3770     5177.49
  171.4989     5177.49
  171.5702     5177.49
  171.6315     5177.49
  173.3023     5177.49
  173.3905     5177.49
  173.5077     5177.49
  173.5877     5177.49
  173.6788     5177.49
  173.7859     5177.49
  173.8514     5177.49
  173.9374     5177.49
  173.9874     5177.49
  174.0684     5177.49
  174.1614     5177.49
  174.2291     5177.49
  174.3232     5177.49
  174.4072     5177.49
  174.5038     5177.49
  174.5944     5177.49
  174.6797     5177.49
  174.7591     5177.49
  174.8498     5177.49
  174.9181     5177.49
  174.9675     5177.49
  175.0275     5177.49
  175.0761     5177.49
  175.1299     5177.49
  175.2028     5177.49
  175.2415     5177.49
  175.3233     5177.49
  175.3995     5177.49
  175.4541     5177.49
  175.5435     5177.49
  175.6475     5177.49
  175.7314     5177.49
  175.8155     5177.49
  175.8911     5177.49
  175.9475     5177.49
  176.0235     5177.49
  176.1090     5177.49
  176.1995     5177.49
  176.3040     5177.49
  176.3494     5177.49
  176.4675     5177.49
  176.5695     5177.49
  176.6565     5177.49
  176.7942     5177.49
  176.8920     5177.49
  176.9335     5177.49
  177.0055     5177.49
  177.1039     5177.49
  177.1802     5177.49
  177.2715     5177.49
  177.3555     5177.49
  177.4155     5177.49
  177.4715     5177.49
  177.5364     5177.49
  177.6125     5177.49
  177.6679     5177.49
  177.7395     5177.49
  177.7875     5177.49
  177.8595     5177.49
  177.9125     5177.49
  177.9675     5177.49
  178.1088     5177.49
  178.1617     5177.49
  178.2223     5177.49
  178.2894     5177.49
  178.3598     5177.49
  178.4371     5177.49
  178.4932     5177.49
  178.5725     5177.49
  178.6595     5177.49
  178.7275     5177.49
  178.7789     5177.49
  178.8795     5177.49
  178.9764     5177.49
  179.0769     5177.49
  179.1484     5177.49
  179.2355     5177.49
  179.2714     5177.49
  179.3728     5177.49
  179.4573     5177.49
  179.5249     5177.49
  179.6121     5177.49
  179.7531     5177.49
  179.8195     5177.49
  179.9195     5177.49
  180.0005     5177.49
  180.1235     5177.49
  180.1715     5177.49
  180.2435     5177.49
  180.3014     5177.49
  180.3504     5177.49
  180.4825     5177.49
  180.5315     5177.49
  180.5805     5177.49
  180.6515     5177.49
  180.7155     5177.49
  180.7921     5177.49
  180.8635     5177.49
  180.9675     5177.49
  181.0595     5177.49
  181.1315     5177.49
  181.2075     5177.49
  181.3195     5177.49
  181.3446     5177.49
  181.4179     5177.49
  181.5037     5177.49
  181.6036     5177.49
  181.6635     5177.49
  181.7835     5177.49
  181.8736     5177.49
  181.9611     5177.49
  182.0331     5177.49
  182.0934     5177.49
  182.1784     5177.49
  182.2675     5177.49
  182.3438     5177.49
  182.4395     5177.49
  182.4802     5177.49
  182.5612     5177.49
  182.6421     5177.49
  182.7276     5177.49
  182.8235     5177.49
  182.8805     5177.49
  182.9475     5177.49
  183.0675     5177.49
  183.1300     5177.49
  183.2987     5177.49
  183.3916     5177.49
  183.4494     5177.49
  183.5574     5177.49
  183.6699     5177.49
  183.7558     5177.49
  183.8225     5177.49
  183.8875     5177.49
  184.0245     5177.49
  184.1275     5177.49
  184.2658     5177.49
  184.3579     5177.49
  184.4699     5177.49
  184.5315     5177.49
  184.5875     5177.49
  184.6435     5177.49
  184.7603     5177.49
  184.8515     5177.49
  184.9195     5177.49
  185.0115     5177.49
  185.0872     5177.49
  185.1654     5177.49
  185.2435     5177.49
  185.3249     5177.49
  185.4550     5177.49
  185.5395     5177.49
  185.6315     5177.49
  185.6800     5177.49
  185.7475     5177.49
  185.7984     5177.49
  185.8715     5177.49
  185.9475     5177.49
  186.0181     5177.49
  186.1027     5177.49
  186.1595     5177.49
  186.2083     5177.49
  186.2995     5177.49
  186.3360     5177.49
  186.4235     5177.49
  186.4683     5177.49
  186.5215     5177.49
  186.5933     5177.49
  186.6475     5177.49
  186.7369     5177.49
  186.8230     5177.49
  186.8915     5177.49
  186.9355     5177.49
  186.9753     5177.49
  187.0453     5177.49
  187.0979     5177.49
  187.1635     5177.49
  187.2915     5177.49
  187.3995     5177.49
  187.4802     5177.49
  187.5302     5177.49
  187.6115     5177.49
  187.7057     5177.49
  187.7640     5177.49
  187.8520     5177.49
  187.9289     5177.49
  187.9915     5177.49
  188.0404     5177.49
  188.1035     5177.49
  188.1555     5177.49
  188.2355     5177.49
  188.2916     5177.49
  188.3595     5177.49
  188.4180     5177.49
  188.4688     5177.49
  188.5235     5177.49
  188.5835     5177.49
  188.6396     5177.49
  188.7142     5177.49
  188.7915     5177.49
  188.8238     5177.49
  188.8756     5177.49
  188.9216     5177.49
  188.9955     5177.49
  189.0519     5177.49
  189.1435     5177.49
  189.2075     5177.49
  189.2550     5177.49
  189.3315     5177.49
  189.3565     5177.49
  189.4115     5177.49
  189.4555     5177.49
  189.5355     5177.49
  189.5912     5177.49
  189.6915     5177.49
  189.7675     5177.49
  189.8715     5177.49
  189.9204     5177.49
  190.0035     5177.49
  190.1095     5177.49
  190.2035     5177.49
  190.2271     5177.49
  190.2980     5177.49
  190.3678     5177.49
  190.4675     5177.49
  190.5527     5177.49
  190.6178     5177.49
  190.6955     5177.49
  190.7715     5177.49
  190.8475     5177.49
  190.8875     5177.49
  190.9335     5177.49
  191.0035     5177.49
  191.0526     5177.49
  191.1435     5177.49
  191.2075     5177.49
  191.2682     5177.49
  191.3555     5177.49
  191.4195     5177.49
  191.4715     5177.49
  191.5195     5177.49
  191.5943     5177.49
  191.6716     5177.49
  191.7475     5177.49
  191.8075     5177.49
  191.8619     5177.49
  191.9240     5177.49
  191.9795     5177.49
  192.1315     5177.49
  192.2476     5177.49
  192.3092     5177.49
  192.4063     5177.49
  192.4811     5177.49
  192.5395     5177.49
  192.5875     5177.49
  192.6972     5177.49
  192.7675     5177.49
  192.9004     5177.49
  193.0443     5177.49
  193.1195     5177.49
  193.1850     5177.49
  193.2675     5177.49
  193.3787     5177.49
  193.4395     5177.49
  193.5195     5177.49
  193.6355     5177.49
  193.6995     5177.49
  193.7755     5177.49
  193.8675     5177.49
  194.0020     5177.49
  194.1053     5177.49
  194.1435     5177.49
  194.2371     5177.49
  194.3719     5177.49
  194.4440     5177.49
  194.5434     5177.49
  194.6250     5177.49
  194.7916     5177.49
  194.9115     5177.49
  194.9696     5177.49
  195.1315     5177.49
  195.2085     5177.49
  195.3315     5177.49
  195.4179     5177.49
  195.5275     5177.49
  195.5955     5177.49
  195.7039     5177.49
  195.7977     5177.49
  195.8515     5177.49
  195.9414     5177.49
  196.0606     5177.49
  196.1399     5177.49
  196.2475     5177.49
  196.3361     5177.49
  196.4275     5177.49
  196.4915     5177.49
  196.5435     5177.49
  196.6275     5177.49
  196.6979     5177.49
  196.7593     5177.49
  196.8275     5177.49
  196.8935     5177.49
  196.9715     5177.49
  197.0361     5177.49
  197.0955     5177.49
  197.1426     5177.49
  197.2275     5177.49
  197.3035     5177.49
  197.3875     5177.49
  197.4475     5177.49
  197.5195     5177.49
  197.5875     5177.49
  197.6355     5177.49
  197.7115     5177.49
  197.7675     5177.49
  197.8274     5177.49
  197.9035     5177.49
  197.9560     5177.49
  198.0395     5177.49
  198.1087     5177.49
  198.1902     5177.49
  198.2875     5177.49
  198.3605     5177.49
  198.4315     5177.49
  198.5045     5177.49
  198.5795     5177.49
  198.6578     5177.49
  198.7301     5177.49
  198.7931     5177.49
  198.8595     5177.49
  198.9075     5177.49
  198.9595     5177.49
  199.0227     5177.49
  199.0915     5177.49
  199.1675     5177.49
  199.2626     5177.49
  199.3461     5177.49
  199.4275     5177.49
  199.4960     5177.49
  199.5675     5177.49
  199.6195     5177.49
  199.6915     5177.49
  199.7515     5177.49
  199.8035     5177.49
  199.8675     5177.49
  199.9555     5177.49
  200.0555     5177.49
  200.1355     5177.49
  200.1849     5177.49
  200.2715     5177.49
  200.3198     5177.49
  200.4115     5177.49
  200.4672     5177.49
  200.5235     5177.49
  200.5795     5177.49
  200.6755     5177.49
  200.7219     5177.49
  200.7818     5177.49
  200.8315     5177.49
  200.8875     5177.49
  200.9290     5177.49
  200.9835     5177.49
  201.0475     5177.49
  201.0875     5177.49
  201.1515     5177.49
  201.2057     5177.49
  201.2690     5177.49
  201.3217     5177.49
  201.3715     5177.49
  201.4435     5177.49
  201.5035     5177.49
  201.5778     5177.49
  201.6195     5177.49
  201.6755     5177.49
  201.7435     5177.49
  201.8075     5177.49
  201.8464     5177.49
  201.8845     5177.49
  201.9635     5177.49
  202.0336     5177.49
  202.1008     5177.49
  202.1555     5177.49
  202.2012     5177.49
  202.2635     5177.49
  202.3223     5177.49
  202.3955     5177.49
  202.4413     5177.49
  202.5035     5177.49
  202.5685     5177.49
  202.6175     5177.49
  202.6795     5177.49
  202.7505     5177.49
  202.8195     5177.49
  202.8915     5177.49
  202.9609     5177.49
  203.0247     5177.49
  203.0955     5177.49
  203.1756     5177.49
  203.2258     5177.49
  203.2795     5177.49
  203.3355     5177.49
  203.3849     5177.49
  203.4475     5177.49
  203.4906     5177.49
  203.5515     5177.49
  203.6089     5177.49
  203.6755     5177.49
  203.7475     5177.49
  203.8058     5177.49
  203.9601     5177.49
  204.0399     5177.49
  204.1195     5177.49
  204.2024     5177.49
  204.2409     5177.49
  204.3276     5177.49
  204.4368     5177.49
  204.4995     5177.49
  204.5559     5177.49
  204.6155     5177.49
  204.6664     5177.49
  204.7555     5177.49
  204.8519     5177.49
  204.9207     5177.49
  204.9854     5177.49
  205.0755     5177.49
  205.1555     5177.49
  205.2181     5177.49
  205.3584     5177.49
  205.4419     5177.49
  205.6181     5177.49
  205.6976     5177.49
  207.4135     5177.49
  207.5105     5177.49
  207.5858     5177.49
  207.6414     5177.49
  207.7382     5177.49
  207.8032     5177.49
  207.8685     5177.49
  207.9613     5177.49
  208.0412     5177.49
  208.2045     5177.49
  208.2783     5177.49
  208.3485     5177.49
  208.4765     5177.49
  208.5393     5177.49
  208.6180     5177.49
  208.7069     5177.49
  208.7714     5177.49
  208.8346     5177.49
  208.9318     5177.49
  208.9885     5177.49
  209.0491     5177.49
  209.1450     5177.49
  209.2342     5177.49
  209.3788     5177.49
  209.4650     5177.49
  209.5344     5177.49
  209.6245     5177.49
  209.7287     5177.49
  209.8172     5177.49
  209.8859     5177.49
  209.9545     5177.49
  210.0243     5177.49
  210.0998     5177.49
  210.1687     5177.49
  210.2213     5177.49
  210.3092     5177.49
  210.4051     5177.49
  210.4931     5177.49
  210.5547     5177.49
  210.6348     5177.49
  210.7885     5177.49
  210.8708     5177.49
  210.9774     5177.49
  211.0845     5177.49
  211.1845     5177.49
  211.2769     5177.49
  211.4286     5177.49
  211.5565     5177.49
  211.6295     5177.49
  211.7055     5177.49
  211.7912     5177.49
  211.8904     5177.49
  211.9896     5177.49
  212.0943     5177.49
  212.2085     5177.49
  212.3045     5177.49
  212.4005     5177.49
  212.4925     5177.49
  212.5602     5177.49
  212.6342     5177.49
  212.7106     5177.49
  212.8122     5177.49
  212.8945     5177.49
  212.9438     5177.49
  213.0240     5177.49
  213.0885     5177.49
  213.1685     5177.49
  213.2405     5177.49
  213.2838     5177.49
  213.3765     5177.49
  213.4244     5177.49
  213.4725     5177.49
  213.5565     5177.49
  213.6205     5177.49
  213.6725     5177.49
  213.7525     5177.49
  213.8184     5177.49
  213.8873     5177.49
  213.9485     5177.49
  214.0005     5177.49
  214.0637     5177.49
  214.1125     5177.49
  214.2045     5177.49
  214.2793     5177.49
  214.3565     5177.49
  214.4536     5177.49
  214.5291     5177.49
  214.5992     5177.49
  214.6645     5177.49
  214.7205     5177.49
  214.8205     5177.49
  214.8805     5177.49
  214.9325     5177.49
  215.0005     5177.49
  215.0485     5177.49
  215.1245     5177.49
  215.1574     5177.49
  215.2285     5177.49
  215.2965     5177.49
  215.4165     5177.49
  215.4570     5177.49
  215.5374     5177.49
  215.6419     5177.49
  215.7098     5177.49
  215.7471     5177.49
  215.8565     5177.49
  215.9805     5177.49
  216.0418     5177.49
  216.1315     5177.49
  216.2064     5177.49
  216.2765     5177.49
  216.3492     5177.49
  216.4816     5177.49
  216.5885     5177.49
  216.7085     5177.49
  216.8165     5177.49
  216.8976     5177.49
  217.0005     5177.49
  217.0321     5177.49
  217.1310     5177.49
  217.2245     5177.49
  217.2936     5177.49
  217.4005     5177.49
  217.4907     5177.49
  217.5645     5177.49
  217.6191     5177.49
  217.6821     5177.49
  217.8053     5177.49
  217.9005     5177.49
  218.0566     5177.49
  218.1167     5177.49
  218.2125     5177.49
  218.2577     5177.49
  218.3303     5177.49
  218.3925     5177.49
  218.4525     5177.49
  218.5165     5177.49
  218.5885     5177.49
  218.6605     5177.49
  218.7325     5177.49
  218.8062     5177.49
  218.8737     5177.49
  218.9725     5177.49
  219.0485     5177.49
  219.1070     5177.49
  219.2059     5177.49
  219.3293     5177.49
  219.4025     5177.49
  219.4925     5177.49
  219.5390     5177.49
  219.6617     5177.49
  219.7431     5177.49
  219.8085     5177.49
  219.8725     5177.49
  219.9405     5177.49
  220.0085     5177.49
  220.0662     5177.49
  220.1201     5177.49
  220.2085     5177.49
  220.2433     5177.49
  220.3165     5177.49
  220.3824     5177.49
  220.4845     5177.49
  220.5525     5177.49
  220.6245     5177.49
  220.6881     5177.49
  220.7645     5177.49
  220.8205     5177.49
  220.8540     5177.49
  220.9925     5177.49
  221.0645     5177.49
  221.1370     5177.49
  221.2085     5177.49
  221.2925     5177.49
  221.3377     5177.49
  221.4005     5177.49
  221.4514     5177.49
  221.5445     5177.49
  221.6200     5177.49
  221.6805     5177.49
  221.7325     5177.49
  221.7685     5177.49
  221.8485     5177.49
  221.9015     5177.49
  221.9845     5177.49
  222.0486     5177.49
  222.1205     5177.49
  222.1765     5177.49
  222.2885     5177.49
  222.3565     5177.49
  222.4212     5177.49
  222.4845     5177.49
  222.5485     5177.49
  222.5943     5177.49
  222.6605     5177.49
  222.7325     5177.49
  222.7823     5177.49
  222.8200     5177.49
  222.9085     5177.49
  222.9805     5177.49
  223.0312     5177.49
  223.1005     5177.49
  223.1565     5177.49
  223.2215     5177.49
  223.2867     5177.49
  223.3405     5177.49
  223.3892     5177.49
  223.4445     5177.49
  223.4885     5177.49
  223.5405     5177.49
  223.5845     5177.49
  223.6405     5177.49
  223.7005     5177.49
  223.7485     5177.49
  223.8005     5177.49
  223.8449     5177.49
  223.8965     5177.49
  223.9305     5177.49
  223.9866     5177.49
  224.0685     5177.49
  224.1085     5177.49
  224.1562     5177.49
  224.2085     5177.49
  224.2605     5177.49
  224.3177     5177.49
  224.3805     5177.49
  224.4126     5177.49
  224.4885     5177.49
  224.5405     5177.49
  224.5925     5177.49
  224.6405     5177.49
  224.7005     5177.49
  224.7445     5177.49
  224.8085     5177.49
  224.8605     5177.49
  224.9125     5177.49
  224.9665     5177.49
  225.0220     5177.49
  225.0885     5177.49
  225.1307     5177.49
  225.2045     5177.49
  225.2645     5177.49
  225.3325     5177.49
  225.3925     5177.49
  225.4525     5177.49
  225.5245     5177.49
  225.5815     5177.49
  225.6365     5177.49
  225.6894     5177.49
  225.7605     5177.49
  225.8341     5177.49
  225.9005     5177.49
  225.9565     5177.49
  226.0085     5177.49
  226.0476     5177.49
  226.1405     5177.49
  226.1787     5177.49
  226.2383     5177.49
  226.3085     5177.49
  226.3618     5177.49
  226.3950     5177.49
  226.4645     5177.49
  226.5125     5177.49
  226.5843     5177.49
  226.6445     5177.49
  226.6845     5177.49
  226.7485     5177.49
  226.8165     5177.49
  226.8805     5177.49
  226.9245     5177.49
  226.9685     5177.49
  227.0099     5177.49
  227.0965     5177.49
  227.1725     5177.49
  227.2236     5177.49
  227.3445     5177.49
  227.4125     5177.49
  227.4862     5177.49
  227.5845     5177.49
  227.6605     5177.49
  227.7445     5177.49
  227.8417     5177.49
  227.9365     5177.49
  228.0245     5177.49
  228.0736     5177.49
  228.1733     5177.49
  228.3205     5177.49
  228.3865     5177.49
  228.4686     5177.49
  228.6151     5177.49
  228.7129     5177.49
  228.8188     5177.49
  228.9032     5177.49
  229.0165     5177.49
  229.0981     5177.49
  229.1885     5177.49
  229.2771     5177.49
  229.4344     5177.49
  229.4945     5177.49
  229.5547     5177.49
  229.6405     5177.49
  229.6952     5177.49
  229.7417     5177.49
  229.7965     5177.49
  229.8636     5177.49
  229.9765     5177.49
  230.0645     5177.49
  230.1587     5177.49
  230.2806     5177.49
  230.3472     5177.49
  230.4231     5177.49
  230.4861     5177.49
  230.5845     5177.49
  230.6605     5177.49
  230.7645     5177.49
  230.8405     5177.49
  230.8772     5177.49
  230.9657     5177.49
  231.0685     5177.49
  231.1685     5177.49
  231.2485     5177.49
  231.3395     5177.49
  231.4405     5177.49
  231.5306     5177.49
  231.6460     5177.49
  231.7265     5177.49
  231.7952     5177.49
  231.8685     5177.49
  231.9339     5177.49
  232.0085     5177.49
  232.0544     5177.49
  232.1022     5177.49
  232.1914     5177.49
  232.2936     5177.49
  232.3781     5177.49
  232.4565     5177.49
  232.5578     5177.49
  232.6809     5177.49
  232.7746     5177.49
  232.8435     5177.49
  232.9805     5177.49
  233.1014     5177.49
  233.1980     5177.49
  233.2949     5177.49
  233.3676     5177.49
  233.4868     5177.49
  233.5845     5177.49
  233.6685     5177.49
  233.7565     5177.49
  233.8132     5177.49
  233.8775     5177.49
  233.9445     5177.49
  234.0520     5177.49
  234.1725     5177.49
  234.2925     5177.49
  234.3965     5177.49
  234.4902     5177.49
  234.5828     5177.49
  234.6685     5177.49
  234.7765     5177.49
  234.8469     5177.49
  234.9189     5177.49
  235.0165     5177.49
  235.1165     5177.49
  235.1951     5177.49
  235.2741     5177.49
  235.3605     5177.49
  235.4333     5177.49
  235.4863     5177.49
  235.5889     5177.49
  235.7549     5177.49
  235.8250     5177.49
  235.8904     5177.49
  235.9805     5177.49
  236.0565     5177.49
  236.1171     5177.49
  236.2025     5177.49
  236.2992     5177.49
  236.3792     5177.49
  236.4993     5177.49
  236.6085     5177.49
  236.6845     5177.49
  236.7485     5177.49
  236.8205     5177.49
  236.9029     5177.49
  237.0020     5177.49
  237.1536     5177.49
  237.3045     5177.49
  237.3811     5177.49
  237.4685     5177.49
  237.5530     5177.49
  237.6627     5177.49
  237.7610     5177.49
  237.8669     5177.49
  237.9365     5177.49
  238.0685     5177.49
  238.1985     5177.49
  238.2765     5177.49
  238.3111     5177.49
  238.3845     5177.49
  238.4485     5177.49
  238.5087     5177.49
  238.6416     5177.49
  238.7525     5177.49
  238.8499     5177.49
  238.9485     5177.49
  238.9944     5177.49
  239.0605     5177.49
  239.1377     5177.49
  239.2733     5177.49
  239.3965     5177.49
  239.4811     5177.49
  239.5445     5177.49
  241.2260     5177.49
  241.2823     5177.49
  241.3361     5177.49
  241.4274     5177.49
  241.5339     5177.49
  241.5959     5177.49
  241.7278     5177.49
  241.8053     5177.49
  241.8808     5177.49
  241.9883     5177.49
  242.0940     5177.49
  242.2820     5177.49
  242.3306     5177.49
  242.4300     5177.49
  242.5219     5177.49
  242.5780     5177.49
  242.6860     5177.49
  242.7120     5177.49
  242.7643     5177.49
  242.8775     5177.49
  242.9476     5177.49
  243.0072     5177.49
  243.0948     5177.49
  243.1774     5177.49
  243.2540     5177.49
  243.3105     5177.49
  243.3759     5177.49
  243.4716     5177.49
  243.5402     5177.49
  243.6020     5177.49
  243.6948     5177.49
  243.8020     5177.49
  243.8820     5177.49
  243.9514     5177.49
  244.0420     5177.49
  244.0938     5177.49
  244.1659     5177.49
  244.2180     5177.49
  244.2626     5177.49
  244.3380     5177.49
  244.3796     5177.49
  244.4660     5177.49
  244.5184     5177.49
  244.5900     5177.49
  244.6500     5177.49
  244.7403     5177.49
  244.8001     5177.49
  244.8740     5177.49
  244.9380     5177.49
  244.9924     5177.49
  245.0586     5177.49
  245.1180     5177.49
  245.1780     5177.49
  245.2303     5177.49
  245.2980     5177.49
  245.3660     5177.49
  245.4383     5177.49
  245.5059     5177.49
  245.5741     5177.49
  245.6459     5177.49
  245.7047     5177.49
  245.7940     5177.49
  245.8580     5177.49
  245.9259     5177.49
  246.0087     5177.49
  246.1035     5177.49
  246.2261     5177.49
  246.3366     5177.49
  246.4188     5177.49
  246.5020     5177.49
  246.5757     5177.49
  246.6272     5177.49
  246.6909     5177.49
  246.7997     5177.49
  246.8509     5177.49
  246.9676     5177.49
  247.0562     5177.49
  247.1184     5177.49
  247.1963     5177.49
  247.2979     5177.49
  247.4019     5177.49
  247.4511     5177.49
  247.5420     5177.49
  247.6043     5177.49
  247.6739     5177.49
  247.7243     5177.49
  247.7860     5177.49
  247.8460     5177.49
  247.9100     5177.49
  247.9619     5177.49
  248.0105     5177.49
  248.0623     5177.49
  248.1112     5177.49
  248.1619     5177.49
  248.2300     5177.49
  248.2780     5177.49
  248.3260     5177.49
  248.3900     5177.49
  248.4349     5177.49
  248.5100     5177.49
  248.5651     5177.49
  248.6219     5177.49
  248.6820     5177.49
  248.7522     5177.49
  248.8100     5177.49
  248.8743     5177.49
  248.9380     5177.49
  249.0019     5177.49
  249.0700     5177.49
  249.1580     5177.49
  249.2219     5177.49
  249.3028     5177.49
  249.3700     5177.49
  249.4460     5177.49
  249.5100     5177.49
  249.5672     5177.49
  249.6266     5177.49
  249.6765     5177.49
  249.7314     5177.49
  249.7860     5177.49
  249.8579     5177.49
  249.9351     5177.49
  250.0140     5177.49
  250.1380     5177.49
  250.2109     5177.49
  250.2945     5177.49
  250.3683     5177.49
  250.4176     5177.49
  250.4780     5177.49
  250.5237     5177.49
  250.5900     5177.49
  250.6447     5177.49
  250.7139     5177.49
  250.7550     5177.49
  250.8259     5177.49
  250.8932     5177.49
  250.9539     5177.49
  251.0260     5177.49
  251.0914     5177.49
  251.1692     5177.49
  251.2389     5177.49
  251.3060     5177.49
  251.3867     5177.49
  251.4356     5177.49
  251.5112     5177.49
  251.5580     5177.49
  251.6117     5177.49
  251.7579     5177.49
  251.8159     5177.49
  251.8869     5177.49
  251.9460     5177.49
  252.0699     5177.49
  252.2387     5177.49
  252.3070     5177.49
  252.3900     5177.49
  252.4500     5177.49
  252.5243     5177.49
  252.6152     5177.49
  252.7233     5177.49
  252.7722     5177.49
  252.8353     5177.49
  252.9562     5177.49
  253.0542     5177.49
  253.1389     5177.49
  253.2372     5177.49
  253.3455     5177.49
  253.4620     5177.49
  253.5500     5177.49
  253.6780     5177.49
  253.8105     5177.49
  253.8715     5177.49
  253.9708     5177.49
  254.0620     5177.49
  254.1299     5177.49
  254.1887     5177.49
  254.2555     5177.49
  254.3333     5177.49
  254.4139     5177.49
  254.5175     5177.49
  254.5841     5177.49
  254.6619     5177.49
  254.7448     5177.49
  254.8260     5177.49
  254.8942     5177.49
  254.9555     5177.49
  255.0114     5177.49
  255.1060     5177.49
  255.1415     5177.49
  255.2060     5177.49
  255.2654     5177.49
  255.3420     5177.49
  255.4237     5177.49
  255.5410     5177.49
  255.6033     5177.49
  255.6660     5177.49
  255.7347     5177.49
  255.8219     5177.49
  255.8941     5177.49
  256.0008     5177.49
  256.0739     5177.49
  256.1207     5177.49
  256.2180     5177.49
  256.2646     5177.49
  256.3420     5177.49
  256.4099     5177.49
  256.4749     5177.49
  256.5688     5177.49
  256.6325     5177.49
  256.7219     5177.49
  256.8046     5177.49
  256.8499     5177.49
  256.9219     5177.49
  257.0082     5177.49
  257.0755     5177.49
  257.1419     5177.49
  257.2179     5177.49
  257.2900     5177.49
  257.3579     5177.49
  257.4186     5177.49
  257.4780     5177.49
  257.5660     5177.49
  257.6300     5177.49
  257.7180     5177.49
  257.7886     5177.49
  257.8699     5177.49
  257.9419     5177.49
  258.0047     5177.49
  258.0819     5177.49
  258.1354     5177.49
  258.2144     5177.49
  258.2979     5177.49
  258.3659     5177.49
  258.4379     5177.49
  258.5059     5177.49
  258.5804     5177.49
  258.6619     5177.49
  258.7339     5177.49
  258.8619     5177.49
  258.9459     5177.49
  259.0043     5177.49
  259.0701     5177.49
  259.1499     5177.49
  259.2420     5177.49
  259.3033     5177.49
  259.3784     5177.49
  259.4688     5177.49
  259.5500     5177.49
  259.6219     5177.49
  259.6868     5177.49
  259.7459     5177.49
  259.7718     5177.49
  259.8366     5177.49
  259.8979     5177.49
  259.9334     5177.49
  260.0019     5177.49
  260.0579     5177.49
  260.1219     5177.49
  260.1721     5177.49
  260.2539     5177.49
  260.3086     5177.49
  260.3779     5177.49
  260.4419     5177.49
  260.5099     5177.49
  260.5659     5177.49
  260.6379     5177.49
  260.7100     5177.49
  260.7368     5177.49
  260.7925     5177.49
  260.8539     5177.49
  260.9109     5177.49
  260.9733     5177.49
  261.0300     5177.49
  261.0869     5177.49
  261.1659     5177.49
  261.2180     5177.49
  261.2779     5177.49
  261.3339     5177.49
  261.3860     5177.49
  261.4380     5177.49
  261.4939     5177.49
  261.5539     5177.49
  261.6180     5177.49
  261.6739     5177.49
  261.7379     5177.49
  261.8140     5177.49
  261.8620     5177.49
  261.9274     5177.49
  261.9940     5177.49
  262.0369     5177.49
  262.0820     5177.49
  262.1739     5177.49
  262.2238     5177.49
  262.2940     5177.49
  262.3333     5177.49
  262.4019     5177.49
  262.4348     5177.49
  262.4690     5177.49
  262.5342     5177.49
  262.6259     5177.49
  262.6693     5177.49
  262.7219     5177.49
  262.7717     5177.49
  262.8379     5177.49
  262.8899     5177.49
  262.9591     5177.49
  263.0273     5177.49
  263.0845     5177.49
  263.1899     5177.49
  263.2379     5177.49
  263.3467     5177.49
  263.4141     5177.49
  263.5019     5177.49
  263.6048     5177.49
  263.6883     5177.49
  263.7899     5177.49
  263.8962     5177.49
  264.0273     5177.49
  264.1549     5177.49
  264.2459     5177.49
  264.3088     5177.49
  264.3821     5177.49
  264.4899     5177.49
  264.5436     5177.49
  264.6351     5177.49
  264.6840     5177.49
  264.7470     5177.49
  264.8499     5177.49
  264.8954     5177.49
  264.9712     5177.49
  265.1379     5177.49
  265.1828     5177.49
  265.3219     5177.49
  265.3859     5177.49
  265.4780     5177.49
  265.5678     5177.49
  265.6259     5177.49
  265.7468     5177.49
  265.8437     5177.49
  265.9361     5177.49
  266.0179     5177.49
  266.1065     5177.49
  266.1775     5177.49
  266.2240     5177.49
  266.2867     5177.49
  266.3533     5177.49
  266.4158     5177.49
  266.4848     5177.49
  266.5459     5177.49
  266.6022     5177.49
  266.6499     5177.49
  266.7059     5177.49
  266.7582     5177.49
  266.8180     5177.49
  266.8909     5177.49
  266.9619     5177.49
  267.0236     5177.49
  267.0860     5177.49
  267.1259     5177.49
  267.2019     5177.49
  267.2560     5177.49
  267.3004     5177.49
  267.3539     5177.49
  267.4099     5177.49
  267.4580     5177.49
  267.5050     5177.49
  267.5620     5177.49
  267.6035     5177.49
  267.6619     5177.49
  267.7121     5177.49
  267.7819     5177.49
  267.8580     5177.49
  267.9260     5177.49
  267.9899     5177.49
  268.0707     5177.49
  268.1846     5177.49
  268.2773     5177.49
  268.3580     5177.49
  268.4420     5177.49
  268.5421     5177.49
  268.6019     5177.49
  268.6740     5177.49
  268.7301     5177.49
  268.8379     5177.49
  268.8893     5177.49
  268.9619     5177.49
  269.0505     5177.49
  269.1259     5177.49
  269.1739     5177.49
  269.2379     5177.49
  269.3059     5177.49
  269.3635     5177.49
  269.4481     5177.49
  269.5318     5177.49
  269.6139     5177.49
  269.6701     5177.49
  269.7381     5177.49
  269.8339     5177.49
  269.9060     5177.49
  269.9860     5177.49
  270.0580     5177.49
  270.1287     5177.49
  270.1860     5177.49
  270.2436     5177.49
  270.3139     5177.49
  270.3711     5177.49
  270.4459     5177.49
  270.5247     5177.49
  270.5675     5177.49
  270.6198     5177.49
  270.6621     5177.49
  270.7179     5177.49
  270.7659     5177.49
  270.8235     5177.49
  270.8860     5177.49
  270.9379     5177.49
  271.0059     5177.49
  271.0656     5177.49
  271.1791     5177.49
  271.2468     5177.49
  271.3059     5177.49
  271.4486     5177.49
  271.5001     5177.49
  271.5739     5177.49
  271.6740     5177.49
  271.7760     5177.49
  271.8819     5177.49
  271.9619     5177.49
  272.0699     5177.49
  272.1899     5177.49
  272.2763     5177.49
  272.3328     5177.49
  272.4539     5177.49
  272.5584     5177.49
  272.5953     5177.49
  272.6825     5177.49
  272.7193     5177.49
  272.8059     5177.49
  272.8639     5177.49
  272.9499     5177.49
  273.0609     5177.49
  273.1299     5177.49
  273.2445     5177.49
  273.3746     5177.49
  273.4625     5177.49
  273.5259     5177.49
  273.6066     5177.49
  274.8303     5177.49
  274.9083     5177.49
  274.9944     5177.49
  275.0523     5177.49
  275.1382     5177.49
  275.2455     5177.49
  275.3202     5177.49
  275.4522     5177.49
  275.5781     5177.49
  275.6562     5177.49
  275.7656     5177.49
  275.8602     5177.49
  275.9169     5177.49
  275.9663     5177.49
  276.0642     5177.49
  276.1482     5177.49
  276.2056     5177.49
  276.2677     5177.49
  276.3402     5177.49
  276.4199     5177.49
  276.4962     5177.49
  276.5530     5177.49
  276.6099     5177.49
  276.7282     5177.49
  276.8141     5177.49
  276.8882     5177.49
  276.9449     5177.49
  277.0282     5177.49
  277.0962     5177.49
  277.1936     5177.49
  277.2642     5177.49
  277.3256     5177.49
  277.3737     5177.49
  277.4602     5177.49
  277.5329     5177.49
  277.5908     5177.49
  277.6722     5177.49
  277.7396     5177.49
  277.8481     5177.49
  277.9915     5177.49
  278.2157     5177.49
  278.2848     5177.49
  278.3723     5177.49
  278.4442     5177.49
  278.5321     5177.49
  278.6042     5177.49
  278.6682     5177.49
  278.7362     5177.49
  278.8116     5177.49
  278.8811     5177.49
  278.9301     5177.49
  278.9976     5177.49
  279.0682     5177.49
  279.1682     5177.49
  279.2286     5177.49
  279.3162     5177.49
  279.3802     5177.49
  279.4522     5177.49
  279.5344     5177.49
  279.6031     5177.49
  279.7002     5177.49
  279.7575     5177.49
  279.8174     5177.49
  279.8802     5177.49
  279.9442     5177.49
  280.0085     5177.49
  280.0802     5177.49
  280.1247     5177.49
  280.1842     5177.49
  280.2682     5177.49
  280.3223     5177.49
  280.3913     5177.49
  280.4617     5177.49
  280.5362     5177.49
  280.5947     5177.49
  280.6762     5177.49
  280.7265     5177.49
  280.7802     5177.49
  280.7937     5177.49
  280.8762     5177.49
  280.9307     5177.49
  281.0002     5177.49
  281.0602     5177.49
  281.1163     5177.49
  281.2161     5177.49
  281.2786     5177.49
  281.3562     5177.49
  281.4024     5177.49
  281.4802     5177.49
  281.5322     5177.49
  281.5882     5177.49
  281.6402     5177.49
  281.6842     5177.49
  281.7820     5177.49
  281.8682     5177.49
  281.9202     5177.49
  282.0648     5177.49
  282.1339     5177.49
  282.2522     5177.49
  282.3107     5177.49
  282.4023     5177.49
  282.4704     5177.49
  282.5453     5177.49
  282.6143     5177.49
  282.6882     5177.49
  282.8082     5177.49
  282.9846     5177.49
  283.0981     5177.49
  283.2002     5177.49
  283.2861     5177.49
  283.3682     5177.49
  283.4328     5177.49
  283.5442     5177.49
  283.6555     5177.49
  283.7682     5177.49
  283.8291     5177.49
  283.9042     5177.49
  283.9849     5177.49
  284.0843     5177.49
  284.1735     5177.49
  284.3042     5177.49
  284.4042     5177.49
  284.4616     5177.49
  284.5137     5177.49
  284.6162     5177.49
  284.6962     5177.49
  284.7922     5177.49
  284.8730     5177.49
  285.0082     5177.49
  285.0802     5177.49
  285.1962     5177.49
  285.2661     5177.49
  285.3722     5177.49
  285.4389     5177.49
  285.5142     5177.49
  285.6150     5177.49
  285.7162     5177.49
  285.7733     5177.49
  285.8522     5177.49
  285.9562     5177.49
  286.0362     5177.49
  286.1162     5177.49
  286.1990     5177.49
  286.2562     5177.49
  286.3146     5177.49
  286.3845     5177.49
  286.4962     5177.49
  286.6282     5177.49
  286.6763     5177.49
  286.8094     5177.49
  286.9282     5177.49
  287.0082     5177.49
  287.0885     5177.49
  287.2642     5177.49
  287.3616     5177.49
  287.4882     5177.49
  287.5562     5177.49
  287.6311     5177.49
  287.6946     5177.49
  287.7882     5177.49
  287.9374     5177.49
  287.9882     5177.49
  288.0522     5177.49
  288.1202     5177.49
  288.2015     5177.49
  288.3162     5177.49
  288.3974     5177.49
  288.4695     5177.49
  288.5803     5177.49
  288.6487     5177.49
  288.6907     5177.49
  288.7540     5177.49
  288.8362     5177.49
  288.8802     5177.49
  288.9642     5177.49
  289.0344     5177.49
  289.0933     5177.49
  289.1515     5177.49
  289.2162     5177.49
  289.2745     5177.49
  289.3475     5177.49
  289.4242     5177.49
  289.4757     5177.49
  289.5648     5177.49
  289.6275     5177.49
  289.7807     5177.49
  289.8802     5177.49
  289.9897     5177.49
  290.1014     5177.49
  290.2202     5177.49
  290.3522     5177.49
  290.4282     5177.49
  290.5242     5177.49
  290.5913     5177.49
  290.6882     5177.49
  290.7394     5177.49
  290.8122     5177.49
  290.8722     5177.49
  290.9773     5177.49
  291.0366     5177.49
  291.0939     5177.49
  291.1659     5177.49
  291.2409     5177.49
  291.3282     5177.49
  291.4442     5177.49
  291.5682     5177.49
  291.6962     5177.49
  291.7379     5177.49
  291.8682     5177.49
  291.9482     5177.49
  292.0802     5177.49
  292.1562     5177.49
  292.2040     5177.49
  292.2882     5177.49
  292.3410     5177.49
  292.4322     5177.49
  292.4906     5177.49
  292.5986     5177.49
  292.6721     5177.49
  292.7482     5177.49
  292.8074     5177.49
  292.8988     5177.49
  292.9614     5177.49
  293.0202     5177.49
  293.0802     5177.49
  293.1402     5177.49
  293.2010     5177.49
  293.2762     5177.49
  293.3536     5177.49
  293.4131     5177.49
  293.4682     5177.49
  293.5265     5177.49
  293.5784     5177.49
  293.6842     5177.49
  293.7453     5177.49
  293.8082     5177.49
  293.8854     5177.49
  293.9322     5177.49
  293.9762     5177.49
  294.0655     5177.49
  294.1682     5177.49
  294.2030     5177.49
  294.2750     5177.49
  294.3362     5177.49
  294.3602     5177.49
  294.4282     5177.49
  294.5085     5177.49
  294.5762     5177.49
  294.6351     5177.49
  294.7042     5177.49
  294.7922     5177.49
  294.8682     5177.49
  294.9150     5177.49
  294.9577     5177.49
  295.0137     5177.49
  295.0882     5177.49
  295.1442     5177.49
  295.2042     5177.49
  295.2482     5177.49
  295.3402     5177.49
  295.4082     5177.49
  295.4466     5177.49
  295.5082     5177.49
  295.5642     5177.49
  295.6642     5177.49
  295.7282     5177.49
  295.8042     5177.49
  295.8549     5177.49
  295.9402     5177.49
  296.0082     5177.49
  296.0514     5177.49
  296.1042     5177.49
  296.1722     5177.49
  296.2202     5177.49
  296.2882     5177.49
  296.3442     5177.49
  296.4110     5177.49
  296.4892     5177.49
  296.5521     5177.49
  296.7362     5177.49
  296.8762     5177.49
  296.9667     5177.49
  297.0722     5177.49
  297.1030     5177.49
  297.1657     5177.49
  297.2389     5177.49
  297.4512     5177.49
  297.5802     5177.49
  297.6842     5177.49
  297.7549     5177.49
  297.8377     5177.49
  297.9590     5177.49
  298.0802     5177.49
  298.1402     5177.49
  298.2362     5177.49
  298.2988     5177.49
  298.3565     5177.49
  298.4322     5177.49
  298.4882     5177.49
  298.5402     5177.49
  298.5915     5177.49
  298.7265     5177.49
  298.7962     5177.49
  298.8787     5177.49
  299.0033     5177.49
  299.1522     5177.49
  299.2562     5177.49
  299.3286     5177.49
  299.4402     5177.49
  299.4969     5177.49
  299.5808     5177.49
  299.6532     5177.49
  299.7335     5177.49
  299.8122     5177.49
  299.8641     5177.49
  299.9545     5177.49
  300.0371     5177.49
