    0.0701     5870.82
    0.1657     5293.59
    0.2417     5293.59
    0.3057     5293.59
    0.3817     5293.59
    0.4620     5220.21
    0.5617     5220.21
    0.6257     5220.21
    0.7097     5220.21
    0.7899     5220.21
    0.8737     5220.21
    0.9337     5064.37
    1.0097     5064.37
    1.0977     5064.37
    1.1857     5064.37
    1.2377     5064.37
    1.3177     5064.37
    1.3697     5064.37
    1.4297     5064.37
    1.4897     5064.37
    1.5617     5064.37
    1.6217     5064.37
    1.6784     5064.37
    1.7372     5064.37
    1.7922     5064.37
    1.8617     5064.37
    1.9657     5064.37
    2.0377     5064.37
    2.0802     5064.37
    2.1457     5064.37
    2.1846     5064.37
    2.2457     5064.37
    2.3097     5064.37
    2.3759     5064.37
    2.4617     5064.37
    2.4993     5064.37
    2.5505     5064.37
    2.5989     5064.37
    2.6578     5064.37
    2.7200     5064.37
    2.7778     5064.37
    2.8238     5064.37
    2.8982     5064.37
    2.9658     5064.37
    3.0231     5064.37
    3.1103     5064.37
    3.1697     5064.37
    3.2558     5064.37
    3.3617     4914.51
    3.4229     4914.51
    3.5297     4914.51
    3.5918     4914.51
    3.6789     4914.51
    3.7502     4914.51
    3.8097     4914.51
    3.8843     4914.51
    3.9618     4914.51
    4.0231     4914.51
    4.0614     4914.51
    4.1220     4914.51
    4.1902     4914.51
    4.2467     4914.51
    4.3126     4914.51
    4.3777     4914.51
    4.4301     4914.51
    4.4882     4914.51
    4.5355     4914.51
    4.6148     4914.51
    4.6726     4914.51
    4.7385     4914.51
    4.8138     4914.51
    4.8620     4914.51
    4.9258     4914.51
    4.9826     4914.51
    5.0818     4914.51
    5.1618     4914.51
    5.2351     4914.51
    5.2965     4914.51
    5.3300     4914.51
    5.3997     4914.51
    5.4577     4914.51
    5.5332     4914.51
    5.6097     4914.51
    5.6348     4914.51
    5.6872     4914.51
    5.7434     4914.51
    5.8183     4914.51
    5.8657     4914.51
    5.9118     4914.51
    5.9837     4914.51
    6.0537     4914.51
    6.1217     4914.51
    6.1737     4914.51
    6.2202     4914.51
    6.2905     4914.51
    6.3535     4914.51
    6.4097     4914.51
    6.4657     4914.51
    8.1119     4914.51
    8.1719     4914.51
    8.2279     4914.51
    8.2604     4914.51
    8.3199     4914.51
    8.3668     4914.51
    8.4000     4914.51
    8.4559     4914.51
    8.5038     4914.51
    8.5639     4914.51
    8.6119     4914.51
    8.6639     4914.51
    8.7159     4914.51
    8.7759     4914.51
    8.8359     4914.51
    8.8816     4914.51
    8.9439     4914.51
    8.9879     4914.51
    9.0559     4914.51
    9.1185     4914.51
    9.1879     4914.51
    9.2487     4914.51
    9.3039     4914.51
    9.3679     4914.51
    9.4239     4914.51
    9.4639     4914.51
    9.5226     4680.80
    9.5746     4680.80
    9.6279     4680.80
    9.6759     4680.80
    9.7279     4680.80
    9.7784     4680.80
    9.8439     4680.80
    9.8907     4680.80
    9.9559     4680.80
    9.9984     4680.80
   10.0669     4680.80
   10.1559     4680.80
   10.1910     4680.80
   10.2479     4680.80
   10.2938     4680.80
   10.3540     4680.80
   10.4079     4680.80
   10.4593     4680.80
   10.5279     4680.80
   10.5759     4680.80
   10.6199     4680.80
   10.6639     4680.80
   10.7158     4680.80
   10.7759     4680.80
   10.8147     4680.80
   10.8679     4680.80
   10.9079     4680.80
   10.9559     4680.80
   11.0004     4680.80
   11.0599     4680.80
   11.1239     4680.80
   11.1879     4680.80
   11.2304     4680.80
   11.2675     4680.80
   11.3401     4680.80
   11.4039     4680.80
   11.4709     4680.80
   11.5390     4680.80
   11.6051     4680.80
   11.6773     4680.80
   11.7599     4680.80
   11.8308     4680.80
   11.9279     4680.80
   12.0119     4680.80
   12.0559     4680.80
   12.1455     4680.80
   12.2479     4680.80
   12.2943     4680.80
   12.3692     4680.80
   12.4279     4680.80
   12.4961     4680.80
   12.5559     4680.80
   12.5792     4680.80
   12.6619     4680.80
   12.7239     4680.80
   12.7477     4680.80
   12.8599     4680.80
   12.8987     4680.80
   12.9919     4680.80
   13.0198     4680.80
   13.0799     4680.80
   13.1439     4680.80
   13.1959     4680.80
   13.2420     4680.80
   13.3159     4680.80
   13.3599     4680.80
   13.3876     4680.80
   13.4439     4680.80
   13.4872     4680.80
   13.5279     4680.80
   13.5919     4680.80
   13.6318     4680.80
   13.6959     4680.80
   13.7236     4680.80
   13.7717     4680.80
   13.8279     4680.80
   13.8679     4680.80
   13.9159     4680.80
   13.9679     4680.80
   14.0063     4680.80
   14.0679     4680.80
   14.1119     4680.80
   14.1605     4680.80
   14.2519     4680.80
   14.2959     4680.80
   14.3439     4680.80
   14.4039     4680.80
   14.4380     4680.80
   14.4922     4680.80
   14.5447     4680.80
   14.5982     4680.80
   14.6417     4680.80
   14.7239     4680.80
   14.7679     4680.80
   14.8165     4680.80
   14.8839     4680.80
   14.9319     4680.80
   14.9769     4680.80
   15.0279     4680.80
   15.0753     4680.80
   15.1344     4680.80
   15.1999     4680.80
   15.2519     4680.80
   15.2856     4680.80
   15.3384     4680.80
   15.3999     4680.80
   15.4559     4680.80
   15.4898     4680.80
   15.5378     4680.80
   15.5759     4680.80
   15.6319     4680.80
   15.6799     4680.80
   15.7319     4680.80
   15.7759     4680.80
   15.8279     4680.80
   15.8639     4680.80
   15.9199     4680.80
   15.9879     4680.80
   16.0479     4680.80
   16.1058     4680.80
   16.1606     4680.80
   16.2239     4680.80
   16.2679     4680.80
   16.3119     4680.80
   16.3493     4680.80
   16.4119     4680.80
   16.4639     4680.80
   16.5084     4680.80
   16.5559     4680.80
   16.5691     4680.80
   16.6359     4680.80
   16.6985     4680.80
   16.7582     4680.80
   16.8159     4680.80
   16.8599     4680.80
   16.8919     4680.80
   16.9479     4680.80
   17.0039     4680.80
   17.0688     4680.80
   17.1199     4680.80
   17.1428     4680.80
   17.1919     4680.80
   17.2295     4680.80
   17.2999     4680.80
   17.3559     4680.80
   17.4039     4680.80
   17.4439     4680.80
   17.4816     4680.80
   17.5403     4680.80
   17.6039     4680.80
   17.6599     4680.80
   17.7199     4680.80
   17.7719     4680.80
   17.8399     4680.80
   17.8839     4680.80
   17.9156     4680.80
   17.9799     4680.80
   18.0261     4680.80
   18.0719     4680.80
   18.1399     4680.80
   18.1919     4680.80
   18.2559     4680.80
   18.2978     4680.80
   18.3439     4680.80
   18.3919     4680.80
   18.4383     4680.80
   18.4998     4680.80
   18.5639     4680.80
   18.5998     4680.80
   18.6759     4680.80
   18.7301     4680.80
   18.8239     4680.80
   18.8766     4680.80
   18.9599     4680.80
   19.0036     4680.80
   19.0806     4680.80
   19.1464     4680.80
   19.2659     4680.80
   19.3341     4680.80
   19.3899     4680.80
   19.4380     4680.80
   19.5095     4680.80
   19.5737     4680.80
   19.6719     4680.80
   19.7441     4680.80
   19.7979     4680.80
   19.8599     4680.80
   19.9136     4680.80
   19.9959     4680.80
   20.0566     4680.80
   20.1498     4680.80
   20.2279     4680.80
   20.2959     4680.80
   20.3706     4680.80
   20.4490     4680.80
   20.5199     4680.80
   20.5683     4680.80
   20.6045     4680.80
   20.7079     4680.80
   20.7853     4680.80
   20.8799     4680.80
   20.9319     4680.80
   21.0174     4680.80
   21.0860     4680.80
   21.1639     4680.80
   21.2119     4680.80
   21.2912     4680.80
   21.3799     4680.80
   21.4439     4680.80
   21.5079     4680.80
   21.6180     4680.80
   21.6819     4680.80
   21.7740     4680.80
   21.8489     4680.80
   21.8847     4680.80
   22.0119     4680.80
   22.0599     4680.80
   22.1527     4680.80
   22.1914     4680.80
   22.2892     4680.80
   22.3784     4680.80
   22.4662     4680.80
   22.5399     4680.80
   22.6069     4680.80
   22.6548     4680.80
   22.7199     4680.80
   22.7959     4680.80
   22.8573     4680.80
   22.9175     4680.80
   22.9942     4680.80
   23.0679     4680.80
   23.1497     4680.80
   23.2165     4680.80
   23.2799     4680.80
   23.3319     4680.80
   23.3868     4680.80
   23.4519     4680.80
   23.5319     4680.80
   23.6090     4680.80
   23.6570     4680.80
   23.7159     4680.80
   23.7777     4680.80
   23.8529     4680.80
   23.9282     4680.80
   23.9814     4680.80
   24.0535     4680.80
   24.1267     4680.80
   24.1771     4680.80
   24.2359     4680.80
   24.2839     4680.80
   24.3604     4680.80
   24.4164     4680.80
   24.4533     4680.80
   24.5367     4680.80
   24.5959     4680.80
   24.6485     4680.80
   24.7483     4680.80
   24.7962     4680.80
   24.8639     4680.80
   24.9526     4680.80
   25.0219     4680.80
   25.0759     4680.80
   25.1544     4680.80
   25.2087     4680.80
   25.3064     4680.80
   25.3862     4680.80
   25.4894     4680.80
   25.5879     4680.80
   25.6803     4680.80
   25.7403     4680.80
   25.7999     4680.80
   25.8930     4680.80
   26.0399     4680.80
   26.1079     4680.80
   26.1942     4680.80
   26.2599     4680.80
   26.2953     4680.80
   26.3519     4680.80
   26.4079     4680.80
   26.4666     4680.80
   26.5364     4680.80
   26.6039     4680.80
   26.6719     4680.80
   26.7639     4680.80
   26.8331     4680.80
   26.8979     4680.80
   26.9999     4680.80
   27.0765     4680.80
   27.1610     4680.80
   27.2830     4680.80
   27.3393     4680.80
   27.4079     4680.80
   27.4559     4680.80
   27.5143     4680.80
   27.5639     4680.80
   27.6159     4680.80
   27.6748     4680.80
   27.7999     4680.80
   27.8623     4680.80
   27.9359     4680.80
   28.0132     4680.80
   28.1005     4680.80
   28.1565     4680.80
   28.2163     4680.80
   28.2731     4680.80
   28.3278     4680.80
   28.3919     4680.80
   28.4498     4680.80
   28.5239     4680.80
   28.5703     4680.80
   28.6215     4680.80
   28.6928     4680.80
   28.7581     4680.80
   28.8096     4680.80
   28.8482     4680.80
   28.9479     4680.80
   28.9896     4680.80
   29.0679     4680.80
   29.1484     4680.80
   29.2203     4680.80
   29.3519     4680.80
   29.4007     4680.80
   29.4639     4680.80
   29.5399     4680.80
   29.6607     4680.80
   29.7559     4680.80
   29.7959     4680.80
   29.8879     4680.80
   29.9399     4680.80
   29.9999     4680.80
   30.0529     4680.80
   30.1279     4680.80
   30.1919     4680.80
   30.2377     4680.80
   30.2979     4680.80
   30.3815     4680.80
   30.4519     4680.80
   30.5359     4680.80
   30.5947     4680.80
   30.6599     4680.80
   30.7147     4680.80
   30.7602     4680.80
   30.8559     4680.80
   30.8984     4680.80
   30.9679     4680.80
   31.0088     4680.80
   31.0325     4680.80
   31.1024     4680.80
   31.1784     4680.80
   31.2359     4680.80
   31.2823     4680.80
   31.3448     4680.80
   31.4119     4680.80
   31.4719     4680.80
   31.5207     4680.80
   31.5719     4680.80
   31.6164     4680.80
   31.6919     4680.80
   31.7476     4680.80
   31.8479     4680.80
   31.9022     4680.80
   31.9679     4680.80
   32.0279     4680.80
   32.0919     4680.80
   32.1359     4680.80
   32.1759     4680.80
   32.2319     4680.80
   32.3039     4680.80
   32.3538     4680.80
   32.4279     4680.80
   32.4919     4680.80
   32.5599     4680.80
   32.6285     4680.80
   32.6816     4680.80
   32.7361     4680.80
   32.7856     4680.80
   32.8641     4680.80
   32.9199     4680.80
   32.9799     4680.80
   33.0279     4680.80
   33.1102     4680.80
   33.1881     4680.80
   33.2896     4680.80
   33.4079     4680.80
   33.4981     4680.80
   33.5493     4680.80
   33.6119     4680.80
   33.6959     4680.80
   33.7799     4680.80
   33.8294     4680.80
   33.9141     4680.80
   33.9893     4680.80
   34.0536     4680.80
   34.1039     4680.80
   34.1639     4680.80
   34.2079     4680.80
   34.2799     4680.80
   34.3359     4680.80
   34.4165     4680.80
   34.5159     4680.80
   34.5639     4680.80
   34.6286     4680.80
   34.7605     4680.80
   34.8005     4680.80
   34.8861     4680.80
   34.9660     4680.80
   35.0519     4680.80
   35.0901     4680.80
   35.1385     4680.80
   35.2216     4680.80
   35.2806     4680.80
   35.3255     4680.80
   35.3742     4680.80
   35.4292     4680.80
   35.4891     4680.80
   35.5526     4680.80
   35.6124     4680.80
   35.6868     4680.80
   35.7479     4680.80
   35.8159     4680.80
   35.8840     4680.80
   35.9562     4680.80
   36.0160     4680.80
   36.0899     4680.80
   36.1376     4680.80
   36.1812     4680.80
   36.2599     4680.80
   36.3148     4680.80
   36.3745     4680.80
   36.4230     4680.80
   36.4717     4680.80
   36.5919     4680.80
   36.6388     4680.80
   36.7011     4680.80
   36.7692     4680.80
   36.8599     4680.80
   36.9132     4680.80
   36.9549     4680.80
   37.0097     4680.80
   37.0733     4680.80
   37.1279     4680.80
   37.2054     4680.80
   37.2559     4680.80
   37.3319     4680.80
   37.4079     4680.80
   37.4519     4680.80
   37.5079     4680.80
   37.5642     4680.80
   37.6279     4680.80
   37.6919     4680.80
   37.7650     4680.80
   37.8319     4680.80
   37.8959     4680.80
   37.9879     4680.80
   38.0679     4680.80
   38.1308     4680.80
   38.2039     4680.80
   38.2555     4680.80
   38.3119     4680.80
   38.3622     4680.80
   38.4310     4680.80
   38.4894     4680.80
   38.5420     4680.80
   38.6059     4680.80
   38.6959     4680.80
   38.7519     4680.80
   38.8077     4680.80
   38.8516     4680.80
   38.9239     4680.80
   39.0079     4680.80
   39.0654     4680.80
   39.1275     4680.80
   39.1919     4680.80
   39.2432     4680.80
   39.2975     4680.80
   39.3331     4680.80
   39.3839     4680.80
   39.4287     4680.80
   39.4895     4680.80
   39.5412     4680.80
   39.6144     4680.80
   39.6799     4680.80
   39.7305     4680.80
   39.7972     4680.80
   39.8592     4680.80
   39.9280     4680.80
   39.9776     4680.80
   40.0439     4680.80
   40.1051     4680.80
   40.1514     4680.80
   40.2291     4680.80
   40.2947     4680.80
   40.3639     4680.80
   40.4324     4680.80
   40.4880     4680.80
   40.5396     4680.80
   42.1797     4680.80
   42.2437     4680.80
   42.2874     4680.80
   42.3517     4680.80
   42.4077     4680.80
   42.4563     4680.80
   42.5411     4680.80
   42.6139     4680.80
   42.6745     4680.80
   42.7757     4680.80
   42.8437     4680.80
   42.8928     4680.80
   42.9677     4680.80
   43.0517     4680.80
   43.1139     4680.80
   43.2037     4680.80
   43.2717     4680.80
   43.3411     4680.80
   43.4237     4680.80
   43.4797     4680.80
   43.5338     4680.80
   43.5917     4680.80
   43.6792     4680.80
   43.7222     4680.80
   43.8117     4680.80
   43.9069     4680.80
   43.9998     4680.80
   44.0693     4680.80
   44.2077     4680.80
   44.2672     4680.80
   44.3557     4680.80
   44.4957     4680.80
   44.5777     4680.80
   44.6546     4680.80
   44.7277     4680.80
   44.7855     4680.80
   44.9397     4680.80
   44.9997     4680.80
   45.0477     4680.80
   45.1517     4680.80
   45.2129     4680.80
   45.2642     4680.80
   45.3637     4680.80
   45.4437     4680.80
   45.4917     4680.80
   45.5421     4680.80
   45.6437     4680.80
   45.7317     4680.80
   45.7917     4680.80
   45.8317     4680.80
   45.8904     4680.80
   45.9396     4680.80
   45.9876     4680.80
   46.0559     4680.80
   46.1739     4680.80
   46.2717     4680.80
   46.3420     4680.80
   46.4237     4680.80
   46.4570     4680.80
   46.5618     4680.80
   46.6528     4680.80
   46.7277     4680.80
   46.7893     4680.80
   46.8610     4680.80
   46.9197     4680.80
   47.0055     4680.80
   47.0877     4680.80
   47.1374     4680.80
   47.2277     4680.80
   47.2957     4680.80
   47.3405     4680.80
   47.3957     4680.80
   47.4357     4680.80
   47.4917     4680.80
   47.5477     4680.80
   47.6077     4680.80
   47.6597     4680.80
   47.6957     4680.80
   47.7491     4680.80
   47.8117     4680.80
   47.8560     4680.80
   47.9157     4680.80
   47.9569     4680.80
   48.0517     4680.80
   48.0961     4680.80
   48.2077     4680.80
   48.2717     4680.80
   48.3757     4680.80
   48.4368     4680.80
   48.5167     4680.80
   48.5940     4680.80
   48.6699     4680.80
   48.7197     4680.80
   48.7957     4680.80
   48.8917     4680.80
   48.9837     4680.80
   49.0557     4680.80
   49.1597     4680.80
   49.2277     4680.80
   49.3357     4680.80
   49.3997     4680.80
   49.4877     4680.80
   49.5224     4680.80
   49.6197     4680.80
   49.7037     4680.80
   49.7543     4680.80
   49.8277     4680.80
   49.8997     4680.80
   49.9717     4680.80
   50.0358     4680.80
   50.1117     4680.80
   50.1837     4680.80
   50.2163     4680.80
   50.2902     4680.80
   50.3757     4680.80
   50.4437     4680.80
   50.5177     4680.80
   50.5877     4680.80
   50.6364     4680.80
   50.7077     4680.80
   50.7797     4680.80
   50.8557     4680.80
   50.9067     4680.80
   50.9797     4680.80
   51.0517     4680.80
   51.1072     4680.80
   51.1734     4680.80
   51.2387     4680.80
   51.3077     4680.80
   51.3562     4680.80
   51.4197     4680.80
   51.4757     4680.80
   51.5276     4680.80
   51.6437     4680.80
   51.7597     4680.80
   51.8060     4680.80
   51.8618     4680.80
   51.9397     4680.80
   52.0001     4680.80
   52.0557     4680.80
   52.0998     4680.80
   52.1557     4680.80
   52.1929     4680.80
   52.2409     4680.80
   52.3037     4680.80
   52.3388     4680.80
   52.3957     4680.80
   52.4287     4680.80
   52.4917     4680.80
   52.5397     4680.80
   52.5643     4680.80
   52.6206     4680.80
   52.6705     4680.80
   52.7237     4680.80
   52.7791     4680.80
   52.8477     4680.80
   52.8936     4680.80
   52.9517     4680.80
   53.0091     4680.80
   53.0837     4680.80
   53.1597     4680.80
   53.2077     4680.80
   53.2606     4680.80
   53.3357     4680.80
   53.3997     4680.80
   53.4422     4680.80
   53.4922     4680.80
   53.5397     4680.80
   53.5957     4680.80
   53.6366     4680.80
   53.6722     4680.80
   53.7197     4680.80
   53.7764     4680.80
   53.8477     4680.80
   53.8944     4680.80
   53.9517     4680.80
   53.9968     4680.80
   54.0517     4680.80
   54.1357     4680.80
   54.1837     4680.80
   54.2277     4680.80
   54.2771     4680.80
   54.3517     4680.80
   54.3928     4680.80
   54.4477     4680.80
   54.5197     4680.80
   54.5997     4680.80
   54.6677     4680.80
   54.7262     4680.80
   54.8117     4680.80
   54.8877     4680.80
   54.9437     4680.80
   55.0157     4680.80
   55.0640     4680.80
   55.1237     4680.80
   55.2037     4680.80
   55.2557     4680.80
   55.3157     4680.80
   55.3701     4680.80
   55.4397     4680.80
   55.5117     4680.80
   55.5797     4680.80
   55.6637     4680.80
   55.7157     4680.80
   55.7929     4680.80
   55.8534     4680.80
   55.9037     4680.80
   55.9717     4680.80
   56.0317     4680.80
   56.0685     4680.80
   56.1157     4680.80
   56.1637     4680.80
   56.2160     4680.80
   56.2997     4680.80
   56.3717     4680.80
   56.4437     4680.80
   56.4933     4680.80
   56.5601     4680.80
   56.6237     4680.80
   56.6931     4680.80
   56.7420     4680.80
   56.8099     4680.80
   56.8796     4680.80
   56.9395     4680.80
   57.0117     4680.80
   57.0649     4680.80
   57.1197     4680.80
   57.1597     4680.80
   57.2077     4680.80
   57.2637     4680.80
   57.3437     4680.80
   57.4197     4680.80
   57.4740     4680.80
   57.5397     4680.80
   57.6157     4680.80
   57.6917     4680.80
   57.7517     4680.80
   57.8179     4680.80
   57.9357     4680.80
   58.0117     4680.80
   58.0717     4680.80
   58.0960     4680.80
   58.1395     4680.80
   58.1917     4680.80
   58.2445     4680.80
   58.3117     4680.80
   58.3515     4680.80
   58.4277     4680.80
   58.5071     4680.80
   58.5717     4680.80
   58.6397     4680.80
   58.7077     4680.80
   58.7464     4680.80
   58.8277     4680.80
   58.9158     4680.80
   58.9717     4680.80
   59.0397     4680.80
   59.1037     4680.80
   59.1481     4680.80
   59.1997     4680.80
   59.2837     4680.80
   59.3386     4680.80
   59.4167     4680.80
   59.4797     4680.80
   59.5437     4680.80
   59.6211     4680.80
   59.6797     4680.80
   59.7309     4680.80
   59.7917     4680.80
   59.8460     4680.80
   59.9157     4680.80
   59.9679     4680.80
   60.0397     4680.80
   60.1012     4680.80
   60.1837     4680.80
   60.2488     4680.80
   60.3117     4680.80
   60.3842     4680.80
   60.4566     4680.80
   60.5277     4680.80
   60.5957     4680.80
   60.6376     4680.80
   60.6997     4680.80
   60.7619     4680.80
   60.8117     4680.80
   60.8797     4680.80
   60.9517     4680.80
   61.0117     4680.80
   61.0554     4680.80
   61.1197     4680.80
   61.1877     4680.80
   61.2797     4680.80
   61.3317     4680.80
   61.4238     4680.80
   61.4797     4680.80
   61.5319     4680.80
   61.5917     4680.80
   61.6606     4680.80
   61.7397     4680.80
   61.7844     4680.80
   61.8466     4680.80
   61.8913     4680.80
   61.9624     4680.80
   62.0197     4680.80
   62.0677     4680.80
   62.1264     4680.80
   62.1957     4680.80
   62.2455     4680.80
   62.3020     4680.80
   62.3677     4680.80
   62.4108     4680.80
   62.4877     4680.80
   62.5397     4680.80
   62.6237     4680.80
   62.6717     4680.80
   62.7304     4680.80
   62.8197     4680.80
   62.8857     4680.80
   62.9637     4680.80
   63.0572     4680.80
   63.0851     4680.80
   63.1721     4680.80
   63.2371     4680.80
   63.3077     4680.80
   63.3694     4680.80
   63.4536     4680.80
   63.5357     4680.80
   63.6164     4680.80
   63.7397     4680.80
   63.7927     4680.80
   63.8717     4680.80
   63.9207     4680.80
   63.9404     4680.80
   63.9932     4680.80
   64.1037     4680.80
   64.2062     4680.80
   64.2862     4680.80
   64.3717     4680.80
   64.4957     4680.80
   64.5597     4680.80
   64.6108     4680.80
   64.6717     4680.80
   64.7229     4680.80
   64.8037     4680.80
   64.8382     4680.80
   64.9157     4680.80
   64.9505     4680.80
   65.0197     4680.80
   65.0837     4680.80
   65.1327     4680.80
   65.1917     4680.80
   65.2417     4680.80
   65.2898     4680.80
   65.3637     4680.80
   65.4557     4680.80
   65.5237     4680.80
   65.5847     4680.80
   65.6517     4680.80
   65.7117     4680.80
   65.7677     4680.80
   65.8250     4680.80
   65.9077     4680.80
   65.9677     4680.80
   66.0357     4680.80
   66.0917     4680.80
   66.1357     4680.80
   66.2157     4680.80
   66.2530     4680.80
   66.3157     4680.80
   66.3637     4680.80
   66.4197     4680.80
   66.4757     4680.80
   66.5277     4680.80
   66.5667     4680.80
   66.6215     4680.80
   66.6877     4680.80
   66.7227     4680.80
   66.7837     4680.80
   66.8397     4680.80
   66.8852     4680.80
   66.9357     4680.80
   66.9748     4680.80
   67.0342     4680.80
   67.0997     4680.80
   67.1539     4680.80
   67.1985     4680.80
   67.2717     4680.80
   67.3111     4680.80
   67.3757     4680.80
   67.4226     4680.80
   67.4757     4680.80
   67.5317     4680.80
   67.5817     4680.80
   67.6657     4680.80
   67.7477     4680.80
   67.8031     4680.80
   67.9077     4680.80
   67.9597     4680.80
   68.0197     4680.80
   68.0617     4680.80
   68.1224     4680.80
   68.1692     4680.80
   68.2222     4680.80
   68.3077     4680.80
   68.3752     4680.80
   68.4438     4680.80
   68.5197     4680.80
   68.5677     4680.80
   68.6524     4680.80
   68.7345     4680.80
   68.8117     4680.80
   68.8837     4680.80
   68.9477     4680.80
   69.0517     4680.80
   69.1277     4680.80
   69.2037     4680.80
   69.2811     4680.80
   69.3517     4680.80
   69.4237     4680.80
   69.5006     4680.80
   69.5615     4680.80
   69.6355     4680.80
   69.6852     4680.80
   69.7838     4680.80
   69.8305     4680.80
   69.8982     4680.80
   69.9736     4680.80
   70.0376     4680.80
   70.1038     4680.80
   70.1503     4680.80
   70.2119     4680.80
   70.2870     4680.80
   70.3596     4680.80
   70.4199     4680.80
   70.4817     4680.80
   70.5380     4680.80
   70.6039     4680.80
   70.6584     4680.80
   70.7036     4680.80
   70.7707     4680.80
   70.8321     4680.80
   70.8959     4680.80
   70.9518     4680.80
   71.0199     4680.80
   71.0815     4680.80
   71.1398     4680.80
   71.1899     4680.80
   71.2378     4680.80
   71.2854     4680.80
   71.3575     4680.80
   71.4318     4680.80
   71.5104     4680.80
   71.5692     4680.80
   71.6321     4680.80
   71.6912     4680.80
   71.7639     4680.80
   71.8264     4680.80
   71.8916     4680.80
   71.9463     4680.80
   72.0209     4680.80
   72.0735     4680.80
   72.1174     4680.80
   72.1875     4680.80
   72.2519     4680.80
   72.3114     4680.80
   72.3839     4680.80
   72.4578     4680.80
   72.5232     4680.80
   72.5829     4680.80
   72.6396     4680.80
   72.7123     4680.80
   72.7998     4680.80
   72.8710     4680.80
   72.9287     4680.80
   72.9751     4680.80
   73.0424     4680.80
   73.1359     4680.80
   73.2307     4680.80
   73.2817     4680.80
   73.3428     4680.80
   73.4456     4680.80
   73.4983     4680.80
   73.6367     4680.80
   73.7198     4680.80
   73.8024     4680.80
   73.8940     4680.80
   73.9839     4680.80
   74.0459     4680.80
   74.1033     4680.80
   74.1597     4680.80
   74.2279     4680.80
   74.2797     4680.80
   74.3217     4680.80
   74.3750     4680.80
   74.4317     4680.80
   74.4837     4680.80
   74.5467     4680.80
   74.6077     4680.80
   76.2083     4680.80
   76.2732     4680.80
   76.3542     4680.80
   76.4332     4680.80
   76.4809     4680.80
   76.5372     4680.80
   76.5892     4680.80
   76.6462     4680.80
   76.7132     4680.80
   76.7612     4680.80
   76.8088     4680.80
   76.8673     4680.80
   76.9492     4680.80
   77.0172     4680.80
   77.1012     4680.80
   77.1772     4680.80
   77.2292     4680.80
   77.2852     4680.80
   77.3308     4680.80
   77.3801     4680.80
   77.4332     4680.80
   77.4810     4680.80
   77.5452     4680.80
   77.5926     4680.80
   77.6652     4680.80
   77.7763     4680.80
   77.8643     4680.80
   77.9043     4680.80
   78.0024     4680.80
   78.0734     4680.80
   78.1572     4680.80
   78.2617     4680.80
   78.3235     4680.80
   78.4055     4680.80
   78.4652     4680.80
   78.5312     4680.80
   78.5947     4680.80
   78.6745     4680.80
   78.7147     4680.80
   78.7964     4680.80
   78.8532     4680.80
   78.8965     4680.80
   78.9772     4680.80
   79.0225     4680.80
   79.0932     4680.80
   79.1612     4680.80
   79.2210     4680.80
   79.2852     4680.80
   79.3492     4680.80
   79.4024     4680.80
   79.4572     4680.80
   79.5172     4680.80
   79.6092     4680.80
   79.6485     4680.80
   79.7172     4680.80
   79.7692     4680.80
   79.8230     4680.80
   79.8692     4680.80
   79.9252     4680.80
   79.9972     4680.80
   80.0852     4680.80
   80.1476     4680.80
   80.2274     4680.80
   80.3001     4680.80
   80.3972     4680.80
   80.4548     4680.80
   80.5332     4680.80
   80.6292     4680.80
   80.6782     4680.80
   80.7492     4680.80
   80.8372     4680.80
   80.9372     4680.80
   80.9933     4680.80
   81.0852     4680.80
   81.1332     4680.80
   81.2092     4680.80
   81.2812     4680.80
   81.3732     4680.80
   81.4147     4680.80
   81.5430     4680.80
   81.6033     4680.80
   81.6958     4680.80
   81.7652     4680.80
   81.8279     4680.80
   81.8999     4680.80
   81.9732     4680.80
   82.0612     4680.80
   82.1092     4680.80
   82.1506     4680.80
   82.2279     4680.80
   82.3113     4680.80
   82.4132     4680.80
   82.4852     4680.80
   82.5711     4680.80
   82.6492     4680.80
   82.6855     4680.80
   82.7612     4680.80
   82.8332     4680.80
   82.9692     4680.80
   83.0532     4680.80
   83.1096     4680.80
   83.2052     4680.80
   83.2492     4680.80
   83.3412     4680.80
   83.3900     4680.80
   83.4692     4680.80
   83.6092     4680.80
   83.6304     4680.80
   83.7212     4680.80
   83.7932     4680.80
   83.8427     4680.80
   83.9319     4680.80
   84.0056     4680.80
   84.0732     4680.80
   84.1852     4680.80
   84.2372     4680.80
   84.3412     4680.80
   84.4172     4680.80
   84.4835     4680.80
   84.5917     4680.80
   84.6372     4680.80
   84.7227     4680.80
   84.8132     4680.80
   84.8852     4680.80
   84.9817     4680.80
   85.0396     4680.80
   85.1603     4680.80
   85.3292     4680.80
   85.4268     4680.80
   85.5052     4680.80
   85.5692     4680.80
   85.6316     4680.80
   85.6932     4680.80
   85.7519     4680.80
   85.8145     4680.80
   85.8652     4680.80
   85.9092     4680.80
   86.0052     4680.80
   86.1292     4680.80
   86.2012     4680.80
   86.2454     4680.80
   86.3718     4680.80
   86.4500     4680.80
   86.5185     4680.80
   86.6138     4680.80
   86.7332     4680.80
   86.7932     4680.80
   86.8580     4680.80
   86.9195     4680.80
   86.9852     4680.80
   87.0310     4680.80
   87.1225     4680.80
   87.1908     4680.80
   87.2532     4680.80
   87.3212     4680.80
   87.3692     4680.80
   87.4452     4680.80
   87.4866     4680.80
   87.5314     4680.80
   87.5972     4680.80
   87.6652     4680.80
   87.7292     4680.80
   87.7815     4680.80
   87.8361     4680.80
   87.8978     4680.80
   87.9572     4680.80
   88.0292     4680.80
   88.0866     4680.80
   88.1572     4680.80
   88.2252     4680.80
   88.2684     4680.80
   88.3112     4680.80
   88.3932     4680.80
   88.4572     4680.80
   88.5077     4680.80
   88.5652     4680.80
   88.6172     4680.80
   88.6589     4680.80
   88.7132     4680.80
   88.7894     4680.80
   88.8452     4680.80
   88.8871     4680.80
   88.9852     4680.80
   89.0652     4680.80
   89.1861     4680.80
   89.2412     4680.80
   89.3072     4680.80
   89.4092     4680.80
   89.4932     4680.80
   89.5672     4680.80
   89.6292     4680.80
   89.7372     4680.80
   89.8310     4680.80
   89.9187     4680.80
   89.9822     4680.80
   90.0427     4680.80
   90.1215     4680.80
   90.1812     4680.80
   90.2663     4680.80
   90.3332     4680.80
   90.3856     4680.80
   90.4612     4680.80
   90.5252     4680.80
   90.5735     4680.80
   90.6254     4680.80
   90.6972     4680.80
   90.7554     4680.80
   90.8198     4680.80
   90.9052     4680.80
   90.9427     4680.80
   91.0012     4680.80
   91.0892     4680.80
   91.1661     4680.80
   91.2572     4680.80
   91.3180     4680.80
   91.3794     4680.80
   91.4256     4680.80
   91.5028     4680.80
   91.5877     4680.80
   91.6692     4680.80
   91.7260     4680.80
   91.7772     4680.80
   91.8282     4680.80
   91.9052     4680.80
   91.9628     4680.80
   92.0398     4680.80
   92.1199     4680.80
   92.1913     4680.80
   92.3035     4680.80
   92.3902     4680.80
   92.4941     4680.80
   92.5732     4680.80
   92.6594     4680.80
   92.7821     4680.80
   92.8532     4680.80
   92.9180     4680.80
   93.0105     4680.80
   93.0585     4680.80
   93.1212     4680.80
   93.1812     4680.80
   93.2612     4680.80
   93.3192     4680.80
   93.3664     4680.80
   93.4235     4680.80
   93.4932     4680.80
   93.5775     4680.80
   93.6905     4680.80
   93.7709     4680.80
   93.8492     4680.80
   93.9276     4680.80
   93.9892     4680.80
   94.0600     4680.80
   94.1393     4680.80
   94.2052     4680.80
   94.2550     4680.80
   94.3229     4680.80
   94.3988     4680.80
   94.4692     4680.80
   94.5752     4680.80
   94.6341     4680.80
   94.7132     4680.80
   94.7892     4680.80
   94.8652     4680.80
   94.9532     4680.80
   95.0153     4680.80
   95.1052     4680.80
   95.1812     4680.80
   95.2852     4680.80
   95.3626     4680.80
   95.4157     4680.80
   95.5027     4680.80
   95.6332     4680.80
   95.7015     4680.80
   95.7652     4680.80
   95.8532     4680.80
   95.9104     4680.80
   95.9812     4680.80
   96.1014     4680.80
   96.1732     4680.80
   96.2481     4680.80
   96.3452     4680.80
   96.4132     4680.80
   96.4852     4680.80
   96.5652     4680.80
   96.6252     4680.80
   96.7292     4680.80
   96.7926     4680.80
   96.8852     4680.80
   96.9892     4680.80
   97.0697     4680.80
   97.1532     4680.80
   97.2212     4680.80
   97.2972     4680.80
   97.3439     4680.80
   97.4132     4680.80
   97.4536     4680.80
   97.5332     4680.80
   97.5675     4680.80
   97.6196     4680.80
   97.6813     4680.80
   97.7740     4680.80
   97.8671     4680.80
   97.9137     4680.80
   97.9692     4680.80
   98.0092     4680.80
   98.0719     4680.80
   98.1412     4680.80
   98.1937     4680.80
   98.2602     4680.80
   98.3101     4680.80
   98.3572     4680.80
   98.3986     4680.80
   98.4423     4680.80
   98.4941     4680.80
   98.5892     4680.80
   98.6452     4680.80
   98.7132     4680.80
   98.7732     4680.80
   98.8652     4680.80
   98.9774     4680.80
   99.0508     4680.80
   99.1189     4680.80
   99.1958     4680.80
   99.3012     4680.80
   99.3465     4680.80
   99.3807     4680.80
   99.4665     4680.80
   99.5133     4680.80
   99.5880     4680.80
   99.6911     4680.80
   99.8017     4680.80
   99.8619     4680.80
   99.9222     4680.80
   99.9917     4680.80
  100.0932     4680.80
  100.1504     4680.80
  100.2052     4680.80
  100.2692     4680.80
  100.3492     4680.80
  100.3972     4680.80
  100.4692     4680.80
  100.5292     4680.80
  100.6220     4680.80
  100.7181     4680.80
  100.8273     4680.80
  100.9155     4680.80
  100.9664     4680.80
  101.0673     4680.80
  101.1952     4680.80
  101.2909     4680.80
  101.3572     4680.80
  101.4094     4680.80
  101.4711     4680.80
  101.5541     4680.80
  101.6344     4680.80
  101.6880     4680.80
  101.7892     4680.80
  101.8652     4680.80
  101.9598     4680.80
  102.0660     4680.80
  102.1711     4680.80
  102.2668     4680.80
  102.3628     4680.80
  102.4172     4680.80
  102.4932     4680.80
  102.5652     4680.80
  102.6178     4680.80
  102.6984     4680.80
  102.7639     4680.80
  102.8349     4680.80
  102.9052     4680.80
  102.9599     4680.80
  103.0252     4680.80
  103.0973     4680.80
  103.1655     4680.80
  103.2706     4680.80
  103.3640     4680.80
  103.4229     4680.80
  103.4933     4680.80
  103.5526     4680.80
  103.6381     4680.80
  103.7141     4680.80
  103.7686     4680.80
  103.8367     4680.80
  103.9303     4680.80
  103.9980     4680.80
  104.1373     4680.80
  104.2118     4680.80
  104.2671     4680.80
  104.3385     4680.80
  104.4151     4680.80
  104.5369     4680.80
  104.6614     4680.80
  104.7453     4680.80
  104.8573     4680.80
  104.9639     4680.80
  105.0232     4680.80
  105.1596     4680.80
  105.2483     4680.80
  105.3801     4680.80
  105.4479     4680.80
  105.4959     4680.80
  105.5655     4680.80
  105.6473     4680.80
  105.7142     4680.80
  105.7615     4680.80
  105.8098     4680.80
  105.9040     4680.80
  105.9813     4680.80
  106.0353     4680.80
  106.1130     4680.80
  106.1973     4680.80
  106.3131     4680.80
  106.4053     4680.80
  106.5333     4680.80
  106.6182     4680.80
  106.7117     4680.80
  106.8300     4680.80
  106.9493     4680.80
  107.0083     4680.80
  107.0551     4680.80
  107.1248     4680.80
  107.2283     4680.80
  107.3444     4680.80
  107.4373     4680.80
  107.5132     4680.80
  107.6188     4680.80
  107.6796     4680.80
  107.8292     4680.80
  107.8972     4680.80
  108.0332     4680.80
  108.0877     4680.80
  108.2300     4680.80
  108.3021     4680.80
  108.4012     4680.80
  108.4821     4680.80
  108.5788     4680.80
  108.6463     4680.80
  110.2361     4680.80
  110.3087     4680.80
  110.3638     4680.80
  110.4401     4680.80
  110.5099     4680.80
  110.6086     4680.80
  110.6819     4680.80
  110.7556     4680.80
  110.8463     4680.80
  110.9139     4680.80
  110.9939     4680.80
  111.0519     4680.80
  111.1299     4680.80
  111.2123     4680.80
  111.2659     4680.80
  111.2987     4680.80
  111.3979     4680.80
  111.4819     4680.80
  111.5659     4680.80
  111.6163     4680.80
  111.6918     4680.80
  111.7539     4680.80
  111.8339     4680.80
  111.8841     4680.80
  111.9309     4680.80
  111.9836     4680.80
  112.0420     4680.80
  112.1219     4680.80
  112.2041     4680.80
  112.2393     4680.80
  112.3480     4680.80
  112.4191     4680.80
  112.5181     4680.80
  112.5713     4680.80
  112.6299     4680.80
  112.7429     4680.80
  112.8379     4680.80
  112.9107     4680.80
  112.9616     4680.80
  113.0181     4680.80
  113.0755     4680.80
  113.1339     4680.80
  113.2084     4680.80
  113.3019     4680.80
  113.3438     4680.80
  113.4299     4680.80
  113.4859     4680.80
  113.5459     4680.80
  113.6344     4680.80
  113.7268     4680.80
  113.8139     4680.80
  113.8962     4680.80
  113.9739     4680.80
  114.1339     4680.80
  114.2059     4680.80
  114.2859     4680.80
  114.4082     4680.80
  114.5310     4680.80
  114.6225     4680.80
  114.7099     4680.80
  114.7783     4680.80
  114.8687     4680.80
  114.9840     4680.80
  115.0998     4680.80
  115.1817     4680.80
  115.2660     4680.80
  115.3486     4680.80
  115.4059     4680.80
  115.4640     4680.80
  115.5481     4680.80
  115.6379     4680.80
  115.7063     4680.80
  115.8139     4680.80
  115.8747     4680.80
  115.9379     4680.80
  115.9857     4680.80
  116.0819     4680.80
  116.1779     4680.80
  116.2579     4680.80
  116.3259     4680.80
  116.3917     4680.80
  116.4381     4680.80
  116.5139     4680.80
  116.5699     4680.80
  116.6419     4680.80
  116.7179     4680.80
  116.7739     4680.80
  116.8499     4680.80
  116.9299     4680.80
  116.9933     4680.80
  117.1259     4680.80
  117.1626     4680.80
  117.2563     4680.80
  117.3619     4680.80
  117.4139     4680.80
  117.4766     4680.80
  117.5673     4680.80
  117.6280     4680.80
  117.6949     4680.80
  117.7711     4680.80
  117.8067     4680.80
  117.8665     4680.80
  117.9527     4680.80
  118.0246     4680.80
  118.1099     4680.80
  118.1597     4680.80
  118.2379     4680.80
  118.3192     4680.80
  118.3907     4680.80
  118.4899     4680.80
  118.5262     4680.80
  118.6259     4680.80
  118.7179     4680.80
  118.8379     4680.80
  118.9407     4680.80
  118.9916     4680.80
  119.0499     4680.80
  119.1459     4680.80
  119.1831     4680.80
  119.2699     4680.80
  119.3299     4680.80
  119.3955     4680.80
  119.4482     4680.80
  119.5219     4680.80
  119.5899     4680.80
  119.6627     4680.80
  119.7179     4680.80
  119.7584     4680.80
  119.8139     4680.80
  119.8739     4680.80
  119.9322     4680.80
  119.9877     4680.80
  120.0379     4680.80
  120.0979     4680.80
  120.1419     4680.80
  120.1985     4680.80
  120.2539     4680.80
  120.2907     4680.80
  120.3459     4680.80
  120.3665     4680.80
  120.4179     4680.80
  120.4659     4680.80
  120.5059     4680.80
  120.5579     4680.80
  120.6179     4680.80
  120.6698     4680.80
  120.7303     4680.80
  120.8029     4680.80
  120.8499     4680.80
  120.9539     4680.80
  121.0195     4680.80
  121.0939     4680.80
  121.1459     4680.80
  121.2029     4680.80
  121.2699     4680.80
  121.3539     4680.80
  121.4139     4680.80
  121.4920     4680.80
  121.5419     4680.80
  121.6019     4680.80
  121.6466     4680.80
  121.6933     4680.80
  121.7579     4680.80
  121.8179     4680.80
  121.8611     4680.80
  121.9539     4680.80
  122.0059     4680.80
  122.0303     4680.80
  122.0859     4680.80
  122.1419     4680.80
  122.1788     4680.80
  122.2579     4680.80
  122.3039     4680.80
  122.3499     4680.80
  122.3945     4680.80
  122.4499     4680.80
  122.5099     4680.80
  122.5619     4680.80
  122.6354     4680.80
  122.7059     4680.80
  122.7890     4680.80
  122.8779     4680.80
  122.9499     4680.80
  122.9853     4680.80
  123.0379     4680.80
  123.1105     4680.80
  123.1739     4680.80
  123.2499     4680.80
  123.2997     4680.80
  123.3619     4680.80
  123.4636     4680.80
  123.5619     4680.80
  123.6184     4680.80
  123.6661     4680.80
  123.7026     4680.80
  123.7739     4680.80
  123.8419     4680.80
  123.9139     4680.80
  123.9588     4680.80
  124.0106     4680.80
  124.0674     4680.80
  124.1253     4680.80
  124.2019     4680.80
  124.2465     4680.80
  124.2940     4680.80
  124.3419     4680.80
  124.3911     4680.80
  124.4459     4680.80
  124.5134     4680.80
  124.5939     4680.80
  124.6425     4680.80
  124.6819     4680.80
  124.7579     4680.80
  124.8021     4680.80
  124.8619     4680.80
  124.9099     4680.80
  124.9686     4680.80
  125.0299     4680.80
  125.0634     4680.80
  125.1259     4680.80
  125.1672     4680.80
  125.2190     4680.80
  125.2739     4680.80
  125.3339     4680.80
  125.3740     4680.80
  125.4379     4680.80
  125.4838     4680.80
  125.5170     4680.80
  125.5819     4680.80
  125.6419     4680.80
  125.6879     4680.80
  125.7459     4680.80
  125.7998     4680.80
  125.8579     4680.80
  125.9004     4680.80
  125.9587     4680.80
  126.0034     4680.80
  126.0723     4680.80
  126.1280     4680.80
  126.1899     4680.80
  126.2482     4680.80
  126.2830     4680.80
  126.3157     4680.80
  126.3619     4680.80
  126.4099     4680.80
  126.4513     4680.80
  126.5019     4680.80
  126.5579     4680.80
  126.6219     4680.80
  126.6779     4680.80
  126.7312     4680.80
  126.7864     4680.80
  126.8419     4680.80
  126.8831     4680.80
  126.9421     4680.80
  126.9899     4680.80
  127.0459     4680.80
  127.0939     4680.80
  127.1619     4680.80
  127.2072     4680.80
  127.2728     4680.80
  127.3459     4680.80
  127.3831     4680.80
  127.4499     4680.80
  127.5257     4680.80
  127.5939     4680.80
  127.6419     4680.80
  127.7219     4680.80
  127.7859     4680.80
  127.8230     4680.80
  127.8819     4680.80
  127.9232     4680.80
  127.9819     4680.80
  128.0619     4680.80
  128.1419     4680.80
  128.2019     4680.80
  128.2459     4680.80
  128.2899     4680.80
  128.3379     4680.80
  128.4099     4680.80
  128.4739     4680.80
  128.5339     4680.80
  128.5899     4680.80
  128.6580     4680.80
  128.7207     4680.80
  128.7619     4680.80
  128.8419     4680.80
  128.9161     4680.80
  128.9859     4680.80
  129.0379     4680.80
  129.1192     4680.80
  129.2139     4680.80
  129.2705     4680.80
  129.3279     4680.80
  129.4040     4680.80
  129.4715     4680.80
  129.5274     4680.80
  129.5945     4680.80
  129.6793     4680.80
  129.7859     4680.80
  129.8899     4680.80
  129.9859     4680.80
  130.1059     4680.80
  130.2274     4680.80
  130.3079     4680.80
  130.3716     4680.80
  130.4459     4680.80
  130.5343     4680.80
  130.5899     4680.80
  130.6517     4680.80
  130.7452     4680.80
  130.8074     4680.80
  130.8419     4680.80
  130.8813     4680.80
  130.9540     4680.80
  130.9932     4680.80
  131.0699     4680.80
  131.1219     4680.80
  131.1610     4680.80
  131.2299     4680.80
  131.2819     4680.80
  131.3579     4680.80
  131.3982     4680.80
  131.4579     4680.80
  131.5219     4680.80
  131.5739     4680.80
  131.6499     4680.80
  131.6844     4680.80
  131.7579     4680.80
  131.8139     4680.80
  131.8739     4680.80
  131.9297     4680.80
  132.0033     4680.80
  132.0659     4680.80
  132.1230     4680.80
  132.1758     4680.80
  132.2299     4680.80
  132.3068     4680.80
  132.3699     4680.80
  132.4619     4680.80
  132.5154     4680.80
  132.6499     4680.80
  132.7441     4680.80
  132.8379     4680.80
  132.9463     4680.80
  133.0255     4680.80
  133.1739     4680.80
  133.2419     4680.80
  133.3000     4680.80
  133.3659     4680.80
  133.4339     4680.80
  133.4885     4680.80
  133.5619     4680.80
  133.6128     4680.80
  133.6739     4680.80
  133.7246     4680.80
  133.7819     4680.80
  133.8388     4680.80
  133.9099     4680.80
  133.9441     4680.80
  133.9979     4680.80
  134.0444     4680.80
  134.1345     4680.80
  134.2139     4680.80
  134.2652     4680.80
  134.3500     4680.80
  134.4151     4680.80
  134.5204     4680.80
  134.5952     4680.80
  134.6833     4680.80
  134.7471     4680.80
  134.8099     4680.80
  134.8494     4680.80
  134.9173     4680.80
  135.0019     4680.80
  135.0659     4680.80
  135.1300     4680.80
  135.1899     4680.80
  135.2419     4680.80
  135.2989     4680.80
  135.3659     4680.80
  135.4053     4680.80
  135.4779     4680.80
  135.5419     4680.80
  135.5899     4680.80
  135.6379     4680.80
  135.7320     4680.80
  135.7782     4680.80
  135.8419     4680.80
  135.9259     4680.80
  136.0312     4680.80
  136.1920     4680.80
  136.2512     4680.80
  136.3749     4680.80
  136.4601     4680.80
  136.5459     4680.80
  136.6289     4680.80
  136.7193     4680.80
  136.8419     4680.80
  136.9033     4680.80
  136.9616     4680.80
  137.0299     4680.80
  137.0963     4680.80
  137.1900     4680.80
  137.2699     4680.80
  137.3540     4680.80
  137.4339     4680.80
  137.4750     4680.80
  137.5487     4680.80
  137.6187     4680.80
  137.7179     4680.80
  137.7809     4680.80
  137.8659     4680.80
  137.9499     4680.80
  138.0028     4680.80
  138.0791     4680.80
  138.1192     4680.80
  138.2184     4680.80
  138.2779     4680.80
  138.3379     4680.80
  138.3955     4680.80
  138.4575     4680.80
  138.5519     4680.80
  138.6579     4680.80
  138.7259     4680.80
  138.7899     4680.80
  138.8884     4680.80
  138.9782     4680.80
  139.0859     4680.80
  139.1412     4680.80
  139.1939     4680.80
  139.2445     4680.80
  139.3099     4680.80
  139.3459     4680.80
  139.4099     4680.80
  139.4467     4680.80
  139.4899     4680.80
  139.5379     4680.80
  139.6059     4680.80
  139.6614     4680.80
  139.7219     4680.80
  139.7801     4680.80
  139.8558     4680.80
  139.9273     4680.80
  140.0339     4680.80
  140.0659     4680.80
  140.1019     4680.80
  140.1928     4680.80
  140.2671     4680.80
  140.3757     4680.80
  140.4699     4680.80
  140.5711     4680.80
  140.6699     4680.80
  140.7699     4680.80
  140.8666     4680.80
  140.9459     4680.80
  141.0067     4680.80
  141.0699     4680.80
  141.1944     4680.80
  141.2306     4680.80
  141.2979     4680.80
  141.3669     4680.80
  141.4159     4680.80
  141.4763     4680.80
  141.5681     4680.80
  141.6308     4680.80
  141.6634     4680.80
  141.7559     4680.80
  141.8101     4680.80
  141.8746     4680.80
  141.9939     4680.80
  142.0541     4680.80
  142.1299     4680.80
  142.1867     4680.80
  142.2579     4680.80
  142.3339     4680.80
  142.3981     4680.80
  142.4659     4680.80
  142.5208     4680.80
  142.6019     4680.80
  142.6499     4680.80
  144.1517     4680.80
  144.2090     4680.80
  144.2730     4680.80
  144.3273     4680.80
  144.4002     4680.80
  144.4530     4680.80
  144.5090     4680.80
  144.5511     4680.80
  144.6250     4680.80
  144.6619     4680.80
  144.7250     4680.80
  144.7650     4680.80
  144.8130     4680.80
  144.8587     4680.80
  144.9184     4680.80
  144.9798     4680.80
  145.0530     4680.80
  145.1010     4680.80
  145.1770     4680.80
  145.2314     4680.80
  145.2955     4680.80
  145.3610     4680.80
  145.4090     4680.80
  145.4650     4680.80
  145.5297     4680.80
  145.6290     4680.80
  145.7490     4680.80
  145.7989     4680.80
  145.8690     4680.80
  145.9610     4680.80
  146.0350     4680.80
  146.1377     4680.80
  146.2170     4680.80
  146.2770     4680.80
  146.3453     4680.80
  146.4210     4680.80
  146.5030     4680.80
  146.5730     4680.80
  146.6188     4680.80
  146.6973     4680.80
  146.7690     4680.80
  146.8450     4680.80
  146.8850     4680.80
  146.9333     4680.80
  147.0069     4680.80
  147.0730     4680.80
  147.1438     4680.80
  147.1897     4680.80
  147.2751     4680.80
  147.3436     4680.80
  147.4010     4680.80
  147.4369     4680.80
  147.5090     4680.80
  147.5770     4680.80
  147.6364     4680.80
  147.6991     4680.80
  147.7549     4680.80
  147.8394     4680.80
  147.9099     4680.80
  147.9694     4680.80
  148.0746     4680.80
  148.1770     4680.80
  148.2455     4680.80
  148.3066     4680.80
  148.3810     4680.80
  148.4262     4680.80
  148.4795     4680.80
  148.5312     4680.80
  148.6062     4680.80
  148.6585     4680.80
  148.7633     4680.80
  148.8450     4680.80
  148.8895     4680.80
  148.9490     4680.80
  148.9938     4680.80
  149.0730     4680.80
  149.1432     4680.80
  149.2410     4680.80
  149.2861     4680.80
  149.3370     4680.80
  149.5210     4680.80
  149.6010     4680.80
  149.6598     4680.80
  149.7690     4680.80
  149.8429     4680.80
  149.9510     4680.80
  150.0092     4680.80
  150.0665     4680.80
  150.1472     4680.80
  150.2104     4680.80
  150.2580     4680.80
  150.3075     4680.80
  150.3851     4680.80
  150.4890     4680.80
  150.6050     4680.80
  150.6530     4680.80
  150.7410     4680.80
  150.7930     4680.80
  150.8690     4680.80
  150.9391     4680.80
  151.0179     4680.80
  151.0820     4680.80
  151.1690     4680.80
  151.2423     4680.80
  151.3090     4680.80
  151.3530     4680.80
  151.3949     4680.80
  151.4690     4680.80
  151.5450     4680.80
  151.6250     4680.80
  151.6587     4680.80
  151.7290     4680.80
  151.7970     4680.80
  151.8757     4680.80
  151.9268     4680.80
  151.9940     4680.80
  152.0505     4680.80
  152.1095     4680.80
  152.1530     4680.80
  152.2058     4680.80
  152.2610     4680.80
  152.4250     4680.80
  152.5050     4680.80
  152.6010     4680.80
  152.6970     4680.80
  152.7383     4680.80
  152.8109     4680.80
  152.8756     4680.80
  152.9555     4680.80
  153.0181     4680.80
  153.0770     4680.80
  153.1416     4680.80
  153.2504     4680.80
  153.3017     4680.80
  153.3695     4680.80
  153.4215     4680.80
  153.5130     4680.80
  153.5810     4680.80
  153.6450     4680.80
  153.7054     4680.80
  153.7827     4680.80
  153.8759     4680.80
  153.9650     4680.80
  154.0410     4680.80
  154.1550     4680.80
  154.2380     4680.80
  154.3690     4680.80
  154.4264     4680.80
  154.4891     4680.80
  154.5490     4680.80
  154.6269     4680.80
  154.6739     4680.80
  154.7537     4680.80
  154.8170     4680.80
  154.9090     4680.80
  154.9980     4680.80
  155.1026     4680.80
  155.1791     4680.80
  155.2499     4680.80
  155.3010     4680.80
  155.3690     4680.80
  155.4317     4680.80
  155.5130     4680.80
  155.5810     4680.80
  155.6850     4680.80
  155.8017     4680.80
  155.8545     4680.80
  155.9239     4680.80
  156.0024     4680.80
  156.0770     4680.80
  156.1730     4680.80
  156.2357     4680.80
  156.2970     4680.80
  156.3616     4680.80
  156.3975     4680.80
  156.4610     4680.80
  156.5250     4680.80
  156.5730     4680.80
  156.6139     4680.80
  156.6610     4680.80
  156.6983     4680.80
  156.7317     4680.80
  156.8090     4680.80
  156.8619     4680.80
  156.9082     4680.80
  156.9570     4680.80
  157.0210     4680.80
  157.0672     4680.80
  157.1132     4680.80
  157.1810     4680.80
  157.2335     4680.80
  157.3010     4680.80
  157.4130     4680.80
  157.4788     4680.80
  157.6210     4680.80
  157.6930     4680.80
  157.7571     4680.80
  157.8623     4680.80
  157.9330     4680.80
  157.9930     4680.80
  158.0450     4680.80
  158.1110     4680.80
  158.1850     4680.80
  158.2487     4680.80
  158.3330     4680.80
  158.4050     4680.80
  158.4770     4680.80
  158.5690     4680.80
  158.6450     4680.80
  158.7033     4680.80
  158.7530     4680.80
  158.7970     4680.80
  158.8311     4680.80
  158.8781     4680.80
  158.9595     4680.80
  159.0250     4680.80
  159.0581     4680.80
  159.1130     4680.80
  159.1650     4680.80
  159.2261     4680.80
  159.2810     4680.80
  159.3253     4680.80
  159.3850     4680.80
  159.4490     4680.80
  159.5251     4680.80
  159.5641     4680.80
  159.6518     4680.80
  159.7095     4680.80
  159.7610     4680.80
  159.8130     4680.80
  159.8850     4680.80
  159.9401     4680.80
  159.9970     4680.80
  160.0610     4680.80
  160.1138     4680.80
  160.1810     4680.80
  160.2316     4680.80
  160.2833     4680.80
  160.3438     4680.80
  160.4090     4680.80
  160.4420     4680.80
  160.4909     4680.80
  160.5610     4680.80
  160.6376     4680.80
  160.7211     4680.80
  160.7930     4680.80
  160.8490     4680.80
  160.9030     4680.80
  160.9930     4680.80
  161.0283     4680.80
  161.0890     4680.80
  161.1490     4680.80
  161.2102     4680.80
  161.2886     4680.80
  161.3850     4680.80
  161.4532     4680.80
  161.5250     4680.80
  161.6081     4680.80
  161.6570     4680.80
  161.7090     4680.80
  161.7635     4680.80
  161.8250     4680.80
  161.8810     4680.80
  161.9154     4680.80
  162.0050     4680.80
  162.0578     4680.80
  162.1304     4680.80
  162.2050     4680.80
  162.2610     4680.80
  162.3130     4680.80
  162.3770     4680.80
  162.4259     4680.80
  162.4889     4680.80
  162.5530     4680.80
  162.6010     4680.80
  162.6450     4680.80
  162.7317     4680.80
  162.7987     4680.80
  162.8570     4680.80
  162.9210     4680.80
  162.9613     4680.80
  163.0170     4680.80
  163.0537     4680.80
  163.1250     4680.80
  163.1699     4680.80
  163.2250     4680.80
  163.2674     4680.80
  163.3490     4680.80
  163.3968     4680.80
  163.4410     4680.80
  163.4890     4680.80
  163.5410     4680.80
  163.6077     4680.80
  163.6614     4680.80
  163.7290     4680.80
  163.7730     4680.80
  163.8330     4680.80
  163.8747     4680.80
  163.9290     4680.80
  163.9785     4680.80
  164.0295     4680.80
  164.0970     4680.80
  164.1507     4680.80
  164.1931     4680.80
  164.2458     4680.80
  164.3130     4680.80
  164.3770     4680.80
  164.4250     4680.80
  164.4810     4680.80
  164.5330     4680.80
  164.5730     4680.80
  164.6308     4680.80
  164.7010     4680.80
  164.7388     4680.80
  164.8050     4680.80
  164.8403     4680.80
  164.9050     4680.80
  164.9540     4680.80
  165.0130     4680.80
  165.0810     4680.80
  165.1530     4680.80
  165.2069     4680.80
  165.2530     4680.80
  165.3130     4680.80
  165.3598     4680.80
  165.4330     4680.80
  165.4807     4680.80
  165.5330     4680.80
  165.5810     4680.80
  165.6330     4680.80
  165.6581     4680.80
  165.7450     4680.80
  165.8143     4680.80
  165.8650     4680.80
  165.9055     4680.80
  165.9690     4680.80
  166.0055     4680.80
  166.0890     4680.80
  166.1800     4680.80
  166.2690     4680.80
  166.3546     4680.80
  166.4027     4680.80
  166.4850     4680.80
  166.5677     4680.80
  166.6476     4680.80
  166.7164     4680.80
  166.7810     4680.80
  166.8970     4680.80
  166.9360     4680.80
  167.0130     4680.80
  167.1010     4680.80
  167.1550     4680.80
  167.2570     4680.80
  167.3650     4680.80
  167.4171     4680.80
  167.4930     4680.80
  167.5437     4680.80
  167.6286     4680.80
  167.6794     4680.80
  167.7610     4680.80
  167.8210     4680.80
  167.9148     4680.80
  167.9785     4680.80
  168.0610     4680.80
  168.1189     4680.80
  168.1510     4680.80
  168.2108     4680.80
  168.2653     4680.80
  168.3370     4680.80
  168.3820     4680.80
  168.4450     4680.80
  168.4936     4680.80
  168.5730     4680.80
  168.6330     4680.80
  168.6901     4680.80
  168.7650     4680.80
  168.8119     4680.80
  168.9090     4680.80
  168.9650     4680.80
  169.0276     4680.80
  169.1001     4680.80
  169.1730     4680.80
  169.2450     4680.80
  169.2890     4680.80
  169.3574     4680.80
  169.4210     4680.80
  169.4890     4680.80
  169.5465     4680.80
  169.6094     4680.80
  169.6556     4680.80
  169.7106     4680.80
  169.7588     4680.80
  169.8174     4680.80
  169.8690     4680.80
  169.9215     4680.80
  169.9730     4680.80
  170.0308     4680.80
  170.0927     4680.80
  170.1570     4680.80
  170.2170     4680.80
  170.2935     4680.80
  170.3450     4680.80
  170.3938     4680.80
  170.4410     4680.80
  170.5570     4680.80
  170.6450     4680.80
  170.7210     4680.80
  170.7890     4680.80
  170.8549     4680.80
  170.9318     4680.80
  171.0370     4680.80
  171.1150     4680.80
  171.1892     4680.80
  171.2730     4680.80
  171.3346     4680.80
  171.3893     4680.80
  171.4610     4680.80
  171.5118     4680.80
  171.5703     4680.80
  171.6810     4680.80
  171.7610     4680.80
  171.8617     4680.80
  171.9579     4680.80
  172.0490     4680.80
  172.1450     4680.80
  172.2090     4680.80
  172.3050     4680.80
  172.4090     4680.80
  172.4369     4680.80
  172.5290     4680.80
  172.5918     4680.80
  172.6410     4680.80
  172.7210     4680.80
  172.8250     4680.80
  172.9080     4680.80
  173.0425     4680.80
  173.0930     4680.80
  173.2050     4680.80
  173.2625     4680.80
  173.3050     4680.80
  173.3810     4680.80
  173.4554     4680.80
  173.5170     4680.80
  173.5930     4680.80
  173.6550     4680.80
  173.6985     4680.80
  173.7579     4680.80
  173.8573     4680.80
  173.9730     4680.80
  174.0890     4680.80
  174.1533     4680.80
  174.2610     4680.80
  174.3146     4680.80
  174.3750     4680.80
  174.4306     4680.80
  174.5170     4680.80
  174.5685     4680.80
  174.6230     4680.80
  174.6930     4680.80
  174.7410     4680.80
  174.8020     4680.80
  174.8707     4680.80
  174.9918     4680.80
  175.0573     4680.80
  175.1236     4680.80
  175.2346     4680.80
  175.3134     4680.80
  175.4170     4680.80
  175.4798     4680.80
  175.5530     4680.80
  175.6410     4680.80
  175.6970     4680.80
  175.7582     4680.80
  175.8250     4680.80
  175.8930     4680.80
  175.9268     4680.80
  175.9907     4680.80
  176.0530     4680.80
  176.0964     4680.80
  176.1530     4680.80
  176.2050     4680.80
  176.2682     4680.80
  176.3450     4680.80
  177.8415     4680.80
  177.8887     4680.80
  177.9452     4680.80
  178.0121     4680.80
  178.0855     4680.80
  178.1521     4680.80
  178.2161     4680.80
  178.2641     4680.80
  178.3161     4680.80
  178.3721     4680.80
  178.4441     4680.80
  178.4737     4680.80
  178.5321     4680.80
  178.5650     4680.80
  178.6281     4680.80
  178.6761     4680.80
  178.7288     4680.80
  178.7841     4680.80
  178.8521     4680.80
  178.8774     4680.80
  178.9441     4680.80
  178.9961     4680.80
  179.0322     4680.80
  179.0881     4680.80
  179.1417     4680.80
  179.2001     4680.80
  179.2561     4680.80
  179.3161     4680.80
  179.3721     4680.80
  179.4281     4680.80
  179.4961     4680.80
  179.5443     4680.80
  179.6041     4680.80
  179.6641     4680.80
  179.7321     4680.80
  179.7961     4680.80
  179.8569     4680.80
  179.9401     4680.80
  179.9856     4680.80
  180.0466     4680.80
  180.0918     4680.80
  180.1441     4680.80
  180.2041     4680.80
  180.2881     4680.80
  180.3361     4680.80
  180.3801     4680.80
  180.4521     4680.80
  180.5216     4680.80
  180.5775     4680.80
  180.6481     4680.80
  180.7361     4680.80
  180.7881     4680.80
  180.8538     4680.80
  180.9261     4680.80
  181.0011     4680.80
  181.0881     4680.80
  181.1160     4680.80
  181.1803     4680.80
  181.2361     4680.80
  181.2801     4680.80
  181.3495     4680.80
  181.4001     4680.80
  181.4620     4680.80
  181.5281     4680.80
  181.6081     4680.80
  181.6684     4680.80
  181.7365     4680.80
  181.8281     4680.80
  181.8772     4680.80
  181.9521     4680.80
  182.0031     4680.80
  182.0801     4680.80
  182.1561     4680.80
  182.2281     4680.80
  182.2881     4680.80
  182.3641     4680.80
  182.4242     4680.80
  182.5281     4680.80
  182.5881     4680.80
  182.6361     4680.80
  182.7041     4680.80
  182.7601     4680.80
  182.8081     4680.80
  182.8403     4680.80
  182.9001     4680.80
  182.9406     4680.80
  183.0081     4680.80
  183.0641     4680.80
  183.1401     4680.80
  183.1980     4680.80
  183.2801     4680.80
  183.3316     4680.80
  183.4241     4680.80
  183.4668     4680.80
  183.5333     4680.80
  183.5805     4680.80
  183.6441     4680.80
  183.7161     4680.80
  183.7641     4680.80
  183.8102     4680.80
  183.9025     4680.80
  183.9561     4680.80
  183.9975     4680.80
  184.0801     4680.80
  184.1176     4680.80
  184.1841     4680.80
  184.2361     4680.80
  184.2773     4680.80
  184.3246     4680.80
  184.3881     4680.80
  184.4547     4680.80
  184.5081     4680.80
  184.5717     4680.80
  184.6241     4680.80
  184.6699     4680.80
  184.7164     4680.80
  184.7881     4680.80
  184.8294     4680.80
  184.9081     4680.80
  184.9725     4680.80
  185.0281     4680.80
  185.0961     4680.80
  185.1401     4680.80
  185.2081     4680.80
  185.2529     4680.80
  185.2886     4680.80
  185.3601     4680.80
  185.4081     4680.80
  185.4842     4680.80
  185.5561     4680.80
  185.5969     4680.80
  185.6761     4680.80
  185.7295     4680.80
  185.7819     4680.80
  185.8521     4680.80
  185.9081     4680.80
  185.9601     4680.80
  186.0001     4680.80
  186.0417     4680.80
  186.0961     4680.80
  186.1452     4680.80
  186.2081     4680.80
  186.2721     4680.80
  186.3321     4680.80
  186.3779     4680.80
  186.4401     4680.80
  186.4814     4680.80
  186.5571     4680.80
  186.6161     4680.80
  186.6681     4680.80
  186.7401     4680.80
  186.7841     4680.80
  186.8441     4680.80
  186.9281     4680.80
  187.0014     4680.80
  187.1401     4680.80
  187.1987     4680.80
  187.2926     4680.80
  187.3681     4680.80
  187.4228     4680.80
  187.5420     4680.80
  187.6073     4680.80
  187.7102     4680.80
  187.8068     4680.80
  187.9081     4680.80
  187.9561     4680.80
  188.1121     4680.80
  188.1725     4680.80
  188.2317     4680.80
  188.3041     4680.80
  188.3409     4680.80
  188.4041     4680.80
  188.4452     4680.80
  188.4978     4680.80
  188.6001     4680.80
  188.6496     4680.80
  188.7601     4680.80
  188.8921     4680.80
  188.9531     4680.80
  189.0281     4680.80
  189.0961     4680.80
  189.1604     4680.80
  189.2481     4680.80
  189.3532     4680.80
  189.4287     4680.80
  189.4976     4680.80
  189.5503     4680.80
  189.6373     4680.80
  189.6672     4680.80
  189.7778     4680.80
  189.8601     4680.80
  189.9430     4680.80
  190.0177     4680.80
  190.0952     4680.80
  190.2081     4680.80
  190.2561     4680.80
  190.3064     4680.80
  190.4123     4680.80
  190.4641     4680.80
  190.5136     4680.80
  190.6047     4680.80
  190.6641     4680.80
  190.7605     4680.80
  190.8081     4680.80
  190.9123     4680.80
  190.9628     4680.80
  191.0275     4680.80
  191.1361     4680.80
  191.2481     4680.80
  191.2961     4680.80
  191.3679     4680.80
  191.4572     4680.80
  191.6201     4680.80
  191.6789     4680.80
  191.7307     4680.80
  191.8121     4680.80
  191.8807     4680.80
  191.9340     4680.80
  191.9936     4680.80
  192.0622     4680.80
  192.1485     4680.80
  192.1969     4680.80
  192.2588     4680.80
  192.3021     4680.80
  192.3762     4680.80
  192.4346     4680.80
  192.5041     4680.80
  192.5761     4680.80
  192.6306     4680.80
  192.7001     4680.80
  192.7681     4680.80
  192.8481     4680.80
  192.9121     4680.80
  192.9681     4680.80
  193.0801     4680.80
  193.1721     4680.80
  193.2563     4680.80
  193.3241     4680.80
  193.4001     4680.80
  193.4841     4680.80
  193.5426     4680.80
  193.6185     4680.80
  193.6761     4680.80
  193.7696     4680.80
  193.8389     4680.80
  193.9161     4680.80
  193.9827     4680.80
  194.0601     4680.80
  194.1601     4680.80
  194.1937     4680.80
  194.2881     4680.80
  194.3738     4680.80
  194.4601     4680.80
  194.5201     4680.80
  194.5881     4680.80
  194.6584     4680.80
  194.7161     4680.80
  194.7581     4680.80
  194.8250     4680.80
  194.8801     4680.80
  194.9281     4680.80
  194.9961     4680.80
  195.0641     4680.80
  195.1010     4680.80
  195.1841     4680.80
  195.2314     4680.80
  195.3041     4680.80
  195.3801     4680.80
  195.4441     4680.80
  195.5088     4680.80
  195.5961     4680.80
  195.6454     4680.80
  195.7161     4680.80
  195.7761     4680.80
  195.8361     4680.80
  195.9197     4680.80
  196.0050     4680.80
  196.0703     4680.80
  196.1305     4680.80
  196.1654     4680.80
  196.2444     4680.80
  196.3447     4680.80
  196.4401     4680.80
  196.5187     4680.80
  196.6267     4680.80
  196.6465     4680.80
  196.6929     4680.80
  196.7315     4680.80
  196.7637     4680.80
  196.8180     4680.80
  196.8721     4680.80
  196.9281     4680.80
  196.9641     4680.80
  197.0011     4680.80
  197.0614     4680.80
  197.1161     4680.80
  197.1612     4680.80
  197.2161     4680.80
  197.2601     4680.80
  197.3058     4680.80
  197.3561     4680.80
  197.3961     4680.80
  197.4641     4680.80
  197.5361     4680.80
  197.5730     4680.80
  197.6321     4680.80
  197.6646     4680.80
  197.7129     4680.80
  197.7721     4680.80
  197.8361     4680.80
  197.8921     4680.80
  197.9561     4680.80
  198.0248     4680.80
  198.0761     4680.80
  198.1265     4680.80
  198.1764     4680.80
  198.2561     4680.80
  198.3121     4680.80
  198.3721     4680.80
  198.4201     4680.80
  198.4620     4680.80
  198.5448     4680.80
  198.6066     4680.80
  198.6682     4680.80
  198.7305     4680.80
  198.8041     4680.80
  198.8521     4680.80
  198.9121     4680.80
  199.0121     4680.80
  199.0808     4680.80
  199.1414     4680.80
  199.2085     4680.80
  199.2562     4680.80
  199.3161     4680.80
  199.3575     4680.80
  199.4241     4680.80
  199.4921     4680.80
  199.5441     4680.80
  199.5940     4680.80
  199.6761     4680.80
  199.7298     4680.80
  199.8281     4680.80
  199.9069     4680.80
  199.9841     4680.80
  200.0259     4680.80
  200.1161     4680.80
  200.1770     4680.80
  200.2841     4680.80
  200.3521     4680.80
  200.4041     4680.80
  200.4673     4680.80
  200.5509     4680.80
  200.6324     4680.80
  200.6961     4680.80
  200.7453     4680.80
  200.8173     4680.80
  200.9105     4680.80
  200.9721     4680.80
  201.0266     4680.80
  201.1009     4680.80
  201.1622     4680.80
  201.2077     4680.80
  201.2796     4680.80
  201.3736     4680.80
  201.4388     4680.80
  201.5028     4680.80
  201.5727     4680.80
  201.6582     4680.80
  201.7041     4680.80
  201.7498     4680.80
  201.8036     4680.80
  201.8515     4680.80
  201.9081     4680.80
  201.9721     4680.80
  202.0405     4680.80
  202.1001     4680.80
  202.1395     4680.80
  202.2041     4680.80
  202.2549     4680.80
  202.3361     4680.80
  202.3841     4680.80
  202.4525     4680.80
  202.5281     4680.80
  202.5959     4680.80
  202.6862     4680.80
  202.7674     4680.80
  202.8357     4680.80
  202.8881     4680.80
  202.9546     4680.80
  203.0288     4680.80
  203.0921     4680.80
  203.1274     4680.80
  203.2041     4680.80
  203.2601     4680.80
  203.3121     4680.80
  203.3681     4680.80
  203.4281     4680.80
  203.4883     4680.80
  203.5561     4680.80
  203.5986     4680.80
  203.6641     4680.80
  203.7165     4680.80
  203.7841     4680.80
  203.8331     4680.80
  203.8860     4680.80
  203.9401     4680.80
  203.9887     4680.80
  204.0481     4680.80
  204.0959     4680.80
  204.1641     4680.80
  204.2234     4680.80
  204.2841     4680.80
  204.3256     4680.80
  204.3842     4680.80
  204.4521     4680.80
  204.4897     4680.80
  204.5606     4680.80
  204.6481     4680.80
  204.6862     4680.80
  204.7521     4680.80
  204.8241     4680.80
  204.8921     4680.80
  204.9336     4680.80
  205.0041     4680.80
  205.0721     4680.80
  205.1201     4680.80
  205.1521     4680.80
  205.2281     4680.80
  205.2801     4680.80
  205.3441     4680.80
  205.3980     4680.80
  205.4521     4680.80
  205.5217     4680.80
  205.5961     4680.80
  205.6467     4680.80
  205.7047     4680.80
  205.7761     4680.80
  205.8148     4680.80
  205.8880     4680.80
  205.9481     4680.80
  205.9882     4680.80
  206.0641     4680.80
  206.0976     4680.80
  206.1561     4680.80
  206.2163     4680.80
  206.2601     4680.80
  206.2990     4680.80
  206.3721     4680.80
  206.4281     4680.80
  206.4841     4680.80
  206.5425     4680.80
  206.5946     4680.80
  206.6681     4680.80
  206.7441     4680.80
  206.7961     4680.80
  206.8521     4680.80
  206.9041     4680.80
  206.9521     4680.80
  207.0113     4680.80
  207.0721     4680.80
  207.1281     4680.80
  207.1721     4680.80
  207.2321     4680.80
  207.2921     4680.80
  207.3446     4680.80
  207.4161     4680.80
  207.4801     4680.80
  207.5362     4680.80
  207.6081     4680.80
  207.6639     4680.80
  207.7281     4680.80
  207.7742     4680.80
  207.8212     4680.80
  207.8761     4680.80
  207.9217     4680.80
  207.9801     4680.80
  208.0441     4680.80
  208.0921     4680.80
  208.1453     4680.80
  208.2041     4680.80
  208.2761     4680.80
  208.3164     4680.80
  208.3761     4680.80
  208.4401     4680.80
  208.4961     4680.80
  208.5561     4680.80
  208.6001     4680.80
  208.6725     4680.80
  208.7401     4680.80
  208.7784     4680.80
  208.8281     4680.80
  208.8947     4680.80
  208.9775     4680.80
  209.0441     4680.80
  209.1189     4680.80
  209.1803     4680.80
  209.2217     4680.80
  209.2779     4680.80
  209.3521     4680.80
  209.4096     4680.80
  209.4641     4680.80
  209.5161     4680.80
  209.6001     4680.80
  209.6603     4680.80
  209.7161     4680.80
  209.7898     4680.80
  209.8580     4680.80
  209.9001     4680.80
  209.9665     4680.80
  210.0230     4680.80
  211.5352     4680.80
  211.5792     4680.80
  211.6327     4680.80
  211.6912     4680.80
  211.7427     4680.80
  211.8032     4680.80
  211.8431     4680.80
  211.9112     4680.80
  211.9497     4680.80
  211.9992     4680.80
  212.0592     4680.80
  212.1042     4680.80
  212.1459     4680.80
  212.2032     4680.80
  212.2632     4680.80
  212.3011     4680.80
  212.3632     4680.80
  212.4251     4680.80
  212.4750     4680.80
  212.5472     4680.80
  212.5956     4680.80
  212.6632     4680.80
  212.7098     4680.80
  212.7872     4680.80
  212.8513     4680.80
  212.9072     4680.80
  212.9912     4680.80
  213.0672     4680.80
  213.1083     4680.80
  213.1650     4680.80
  213.2129     4680.80
  213.2577     4680.80
  213.3152     4680.80
  213.3670     4680.80
  213.4232     4680.80
  213.4730     4680.80
  213.5432     4680.80
  213.5937     4680.80
  213.6428     4680.80
  213.7032     4680.80
  213.7592     4680.80
  213.8189     4680.80
  213.8872     4680.80
  213.9296     4680.80
  213.9952     4680.80
  214.0521     4680.80
  214.1051     4680.80
  214.1592     4680.80
  214.2152     4680.80
  214.2624     4680.80
  214.3432     4680.80
  214.3992     4680.80
  214.4423     4680.80
  214.4952     4680.80
  214.5592     4680.80
  214.6293     4680.80
  214.6826     4680.80
  214.7592     4680.80
  214.8017     4680.80
  214.8632     4680.80
  214.9241     4680.80
  214.9712     4680.80
  215.0352     4680.80
  215.1032     4680.80
  215.1617     4680.80
  215.2147     4680.80
  215.2832     4680.80
  215.3472     4680.80
  215.4013     4680.80
  215.4512     4680.80
  215.5041     4680.80
  215.5752     4680.80
  215.6326     4680.80
  215.7192     4680.80
  215.7996     4680.80
  215.8712     4680.80
  215.9314     4680.80
  215.9952     4680.80
  216.0632     4680.80
  216.1035     4680.80
  216.1512     4680.80
  216.2072     4680.80
  216.2732     4680.80
  216.3392     4680.80
  216.3957     4680.80
  216.4832     4680.80
  216.5687     4680.80
  216.6672     4680.80
  216.7320     4680.80
  216.8232     4680.80
  216.8928     4680.80
  216.9492     4680.80
  217.0232     4680.80
  217.0973     4680.80
  217.1733     4680.80
  217.2459     4680.80
  217.3146     4680.80
  217.3792     4680.80
  217.4377     4680.80
  217.4952     4680.80
  217.5811     4680.80
  217.6752     4680.80
  217.7392     4680.80
  217.7983     4680.80
  217.8792     4680.80
  217.9384     4680.80
  218.0032     4680.80
  218.0731     4680.80
  218.1952     4680.80
  218.2929     4680.80
  218.3731     4680.80
  218.4718     4680.80
  218.5306     4680.80
  218.6152     4680.80
  218.6711     4680.80
  218.7632     4680.80
  218.8432     4680.80
  218.9232     4680.80
  219.0076     4680.80
  219.1032     4680.80
  219.1549     4680.80
  219.2206     4680.80
  219.2858     4680.80
  219.3472     4680.80
  219.4018     4680.80
  219.4580     4680.80
  219.5352     4680.80
  219.5846     4680.80
  219.6472     4680.80
  219.6912     4680.80
  219.7752     4680.80
  219.8392     4680.80
  219.9013     4680.80
  219.9632     4680.80
  220.0072     4680.80
  220.0792     4680.80
  220.1370     4680.80
  220.1950     4680.80
  220.2632     4680.80
  220.3020     4680.80
  220.3432     4680.80
  220.4032     4680.80
  220.4339     4680.80
  220.4977     4680.80
  220.5632     4680.80
  220.6017     4680.80
  220.6552     4680.80
  220.7072     4680.80
  220.7335     4680.80
  220.7981     4680.80
  220.8592     4680.80
  220.9121     4680.80
  220.9712     4680.80
  221.0373     4680.80
  221.1192     4680.80
  221.1784     4680.80
  221.2232     4680.80
  221.2992     4680.80
  221.3512     4680.80
  221.4284     4680.80
  221.4889     4680.80
  221.5472     4680.80
  221.6192     4680.80
  221.6617     4680.80
  221.7112     4680.80
  221.7752     4680.80
  221.8272     4680.80
  221.8740     4680.80
  221.9632     4680.80
  222.0081     4680.80
  222.0672     4680.80
  222.1272     4680.80
  222.1651     4680.80
  222.2046     4680.80
  222.2672     4680.80
  222.3375     4680.80
  222.3952     4680.80
  222.4349     4680.80
  222.5112     4680.80
  222.5672     4680.80
  222.6312     4680.80
  222.6792     4680.80
  222.7192     4680.80
  222.7792     4680.80
  222.8311     4680.80
  222.9032     4680.80
  222.9779     4680.80
  223.0512     4680.80
  223.1104     4680.80
  223.1792     4680.80
  223.2392     4680.80
  223.2894     4680.80
  223.3552     4680.80
  223.3979     4680.80
  223.4832     4680.80
  223.5512     4680.80
  223.6176     4680.80
  223.6992     4680.80
  223.7672     4680.80
  223.8165     4680.80
  223.8776     4680.80
  223.9370     4680.80
  223.9832     4680.80
  224.0222     4680.80
  224.0872     4680.80
  224.1284     4680.80
  224.1875     4680.80
  224.2512     4680.80
  224.2900     4680.80
  224.3546     4680.80
  224.4312     4680.80
  224.5063     4680.80
  224.5712     4680.80
  224.6102     4680.80
  224.6592     4680.80
  224.7092     4680.80
  224.7712     4680.80
  224.8267     4680.80
  224.8991     4680.80
  224.9924     4680.80
  225.0512     4680.80
  225.1103     4680.80
  225.2032     4680.80
  225.2652     4680.80
  225.3352     4680.80
  225.3952     4680.80
  225.4592     4680.80
  225.4988     4680.80
  225.5872     4680.80
  225.6632     4680.80
  225.7032     4680.80
  225.7592     4680.80
  225.8352     4680.80
  225.8872     4680.80
  225.9472     4680.80
  225.9992     4680.80
  226.0623     4680.80
  226.1192     4680.80
  226.1761     4680.80
  226.2312     4680.80
  226.2832     4680.80
  226.3286     4680.80
  226.3912     4680.80
  226.4512     4680.80
  226.5166     4680.80
  226.5712     4680.80
  226.6347     4680.80
  226.6992     4680.80
  226.7711     4680.80
  226.8312     4680.80
  226.8796     4680.80
  226.9392     4680.80
  226.9872     4680.80
  227.0592     4680.80
  227.1062     4680.80
  227.1768     4680.80
  227.2592     4680.80
  227.3109     4680.80
  227.3592     4680.80
  227.4397     4680.80
  227.5152     4680.80
  227.5587     4680.80
  227.6272     4680.80
  227.6735     4680.80
  227.7161     4680.80
  227.7712     4680.80
  227.8392     4680.80
  227.8912     4680.80
  227.9472     4680.80
  227.9858     4680.80
  228.0632     4680.80
  228.1211     4680.80
  228.1872     4680.80
  228.2245     4680.80
  228.2792     4680.80
  228.3272     4680.80
  228.3843     4680.80
  228.4712     4680.80
  228.5146     4680.80
  228.5712     4680.80
  228.6232     4680.80
  228.6779     4680.80
  228.7298     4680.80
  228.7872     4680.80
  228.8392     4680.80
  228.9112     4680.80
  228.9632     4680.80
  229.0324     4680.80
  229.0734     4680.80
  229.1392     4680.80
  229.1832     4680.80
  229.2232     4680.80
  229.3053     4680.80
  229.3818     4680.80
  229.4416     4680.80
  229.5232     4680.80
  229.6072     4680.80
  229.6758     4680.80
  229.7592     4680.80
  229.8192     4680.80
  229.8952     4680.80
  229.9792     4680.80
  230.0456     4680.80
  230.1288     4680.80
  230.2032     4680.80
  230.2792     4680.80
  230.3312     4680.80
  230.3912     4680.80
  230.4672     4680.80
  230.5315     4680.80
  230.5912     4680.80
  230.6472     4680.80
  230.7192     4680.80
  230.7712     4680.80
  230.8093     4680.80
  230.8704     4680.80
  230.9392     4680.80
  230.9982     4680.80
  231.0632     4680.80
  231.1198     4680.80
  231.1712     4680.80
  231.2336     4680.80
  231.2783     4680.80
  231.3312     4680.80
  231.3883     4680.80
  231.4792     4680.80
  231.5272     4680.80
  231.6096     4680.80
  231.6992     4680.80
  231.7850     4680.80
  231.8552     4680.80
  231.9132     4680.80
  232.0072     4680.80
  232.0524     4680.80
  232.1211     4680.80
  232.1752     4680.80
  232.2272     4680.80
  232.2847     4680.80
  232.3552     4680.80
  232.4032     4680.80
  232.4552     4680.80
  232.4805     4680.80
  232.5352     4680.80
  232.5875     4680.80
  232.6512     4680.80
  232.7152     4680.80
  232.7764     4680.80
  232.8472     4680.80
  232.8809     4680.80
  232.9512     4680.80
  233.0159     4680.80
  233.0658     4680.80
  233.1178     4680.80
  233.1872     4680.80
  233.2697     4680.80
  233.3632     4680.80
  233.4126     4680.80
  233.4679     4680.80
  233.5393     4680.80
  233.5912     4680.80
  233.6552     4680.80
  233.7026     4680.80
  233.7465     4680.80
  233.8075     4680.80
  233.8752     4680.80
  233.9149     4680.80
  233.9712     4680.80
  234.0073     4680.80
  234.0722     4680.80
  234.1552     4680.80
  234.2072     4680.80
  234.2859     4680.80
  234.3552     4680.80
  234.4294     4680.80
  234.5006     4680.80
  234.5461     4680.80
  234.5891     4680.80
  234.6472     4680.80
  234.6859     4680.80
  234.7609     4680.80
  234.8212     4680.80
  234.8792     4680.80
  234.9792     4680.80
  235.0365     4680.80
  235.1312     4680.80
  235.2312     4680.80
  235.2912     4680.80
  235.3712     4680.80
  235.4258     4680.80
  235.5041     4680.80
  235.6093     4680.80
  235.6967     4680.80
  235.8152     4680.80
  235.9112     4680.80
  235.9809     4680.80
  236.0458     4680.80
  236.1232     4680.80
  236.2004     4680.80
  236.2487     4680.80
  236.3436     4680.80
  236.4018     4680.80
  236.4832     4680.80
  236.5312     4680.80
  236.6112     4680.80
  236.6921     4680.80
  236.7712     4680.80
  236.8177     4680.80
  236.8792     4680.80
  236.9265     4680.80
  236.9832     4680.80
  237.0507     4680.80
  237.1112     4680.80
  237.1710     4680.80
  237.2472     4680.80
  237.3271     4680.80
  237.4321     4680.80
  237.4932     4680.80
  237.5832     4680.80
  237.6552     4680.80
  237.7152     4680.80
  237.8079     4680.80
  237.8782     4680.80
  237.9240     4680.80
  238.0081     4680.80
  238.0690     4680.80
  238.1209     4680.80
  238.2245     4680.80
  238.3152     4680.80
  238.4432     4680.80
  238.4962     4680.80
  238.5912     4680.80
  238.6592     4680.80
  238.7129     4680.80
  238.7712     4680.80
  238.7959     4680.80
  238.8792     4680.80
  238.9360     4680.80
  239.0361     4680.80
  239.0727     4680.80
  239.1680     4680.80
  239.2183     4680.80
  239.3072     4680.80
  239.3687     4680.80
  239.4651     4680.80
  239.5152     4680.80
  239.6392     4680.80
  239.7232     4680.80
  239.8258     4680.80
  239.8994     4680.80
  239.9597     4680.80
  240.0137     4680.80
  240.0964     4680.80
  240.1683     4680.80
  240.2318     4680.80
  240.3006     4680.80
  240.3732     4680.80
  240.4578     4680.80
  240.5199     4680.80
  240.6152     4680.80
  240.6689     4680.80
  240.7849     4680.80
  240.8538     4680.80
  240.9092     4680.80
  240.9967     4680.80
  241.1066     4680.80
  241.2072     4680.80
  241.2912     4680.80
  241.3328     4680.80
  241.4088     4680.80
  241.4792     4680.80
  241.5476     4680.80
  241.6223     4680.80
  241.6797     4680.80
  241.7712     4670.34
  241.8312     4670.34
  241.8684     4670.34
  241.9725     4670.34
  242.0712     4670.34
  242.1952     4670.34
  242.2594     4670.34
  242.3472     4670.34
  242.4401     4670.34
  242.5133     4670.34
  242.5800     4670.34
  242.6619     4670.34
  242.7728     4670.34
  242.8432     4670.34
  242.8732     4670.34
  242.9752     4670.34
  243.0432     4670.34
  243.1814     4670.34
  243.3240     4670.34
  243.4962     4670.34
  243.5575     4670.34
  243.6592     4670.34
  243.7082     4670.34
  243.8804     4670.34
  245.4645     4670.34
  245.5830     4670.34
  245.7258     4670.34
  245.8738     4670.34
  245.9746     4670.34
  246.1298     4670.34
  246.2071     4670.34
  246.2978     4670.34
  246.3839     4670.34
  246.4620     4670.34
  246.5634     4670.34
  246.6243     4670.34
  246.6997     4670.34
  246.7698     4670.34
  246.8538     4670.34
  246.9277     4670.34
  247.0138     4670.34
  247.0901     4670.34
  247.1963     4670.34
  247.2824     4670.34
  247.3522     4670.34
  247.4298     4670.34
  247.4836     4670.34
  247.6018     4670.34
  247.6550     4670.34
  247.7230     4670.34
  247.8298     4670.34
  247.8866     4670.34
  248.0538     4670.34
  248.1618     4670.34
  248.2298     4670.34
  248.3900     4670.34
  248.4867     4670.34
  248.6024     4670.34
  248.6607     4670.34
  248.7138     4670.34
  248.8338     4670.34
  248.8953     4670.34
  248.9698     4670.34
  249.0668     4670.34
  249.1201     4670.34
  249.1878     4670.34
  249.2585     4670.34
  249.3876     4670.34
  249.4658     4670.34
  249.5498     4670.34
  249.6053     4670.34
  249.6698     4670.34
  249.7498     4670.34
  249.8138     4670.34
  249.8866     4670.34
  249.9778     4670.34
  250.0403     4670.34
  250.0977     4670.34
  250.1538     4670.34
  250.2258     4670.34
  250.2748     4670.34
  250.3338     4670.34
  250.3818     4670.34
  250.4658     4670.34
  250.5090     4670.34
  250.5658     4670.34
  250.6250     4670.34
  250.6778     4670.34
  250.7156     4670.34
  250.7831     4670.34
  250.8418     4670.34
  250.8801     4670.34
  250.9378     4670.34
  250.9778     4670.34
  251.0258     4670.34
  251.0668     4670.34
  251.1418     4670.34
  251.1938     4670.34
  251.2658     4670.34
  251.3310     4670.34
  251.4058     4670.34
  251.4738     4670.34
  251.5618     4670.34
  251.6412     4670.34
  251.6709     4670.34
  251.7358     4670.34
  251.8182     4670.34
  251.8898     4670.34
  251.9862     4670.34
  252.0698     4670.34
  252.1401     4670.34
  252.1849     4670.34
  252.2818     4670.34
  252.3663     4670.34
  252.4094     4670.34
  252.4978     4670.34
  252.5713     4670.34
  252.6738     4670.34
  252.7538     4670.34
  252.8153     4670.34
  252.8818     4670.34
  252.9298     4670.34
  252.9943     4670.34
  253.0738     4670.34
  253.1133     4670.34
  253.1898     4670.34
  253.2738     4670.34
  253.3285     4670.34
  253.3921     4670.34
  253.4938     4670.34
  253.5433     4670.34
  253.6618     4670.34
  253.7218     4670.34
  253.7879     4670.34
  253.8532     4670.34
  253.9146     4670.34
  254.0018     4670.34
  254.0738     4670.34
  254.1338     4670.34
  254.2122     4670.34
  254.2716     4670.34
  254.3645     4670.34
  254.4382     4670.34
  254.5258     4670.34
  254.5898     4670.34
  254.6674     4670.34
  254.7773     4670.34
  254.8463     4670.34
  254.8998     4670.34
  255.0113     4670.34
  255.0966     4670.34
  255.2458     4670.34
  255.3218     4670.34
  255.4001     4670.34
  255.4684     4670.34
  255.5578     4670.34
  255.6146     4670.34
  255.7224     4670.34
  255.8325     4670.34
  255.8924     4670.34
  255.9498     4670.34
  256.0300     4670.34
  256.1348     4670.34
  256.2195     4670.34
  256.2858     4670.34
  256.3755     4670.34
  256.4525     4670.34
  256.5293     4670.34
  256.6378     4670.34
  256.7364     4670.34
  256.8138     4670.34
  256.8945     4670.34
  256.9858     4670.34
  257.0482     4670.34
  257.1670     4670.34
  257.2476     4670.34
  257.3219     4670.34
  257.3872     4670.34
  257.4941     4670.34
  257.5498     4670.34
  257.6595     4670.34
  257.7458     4670.34
  257.8310     4670.34
  257.9197     4670.34
  257.9965     4670.34
  258.0884     4670.34
  258.1578     4670.34
  258.2444     4670.34
  258.3285     4670.34
  258.3778     4670.34
  258.4151     4670.34
  258.5498     4670.34
  258.6119     4670.34
  258.6698     4670.34
  258.7543     4670.34
  258.8834     4670.34
  258.9549     4670.34
  259.0218     4670.34
  259.1123     4670.34
  259.1673     4670.34
  259.2432     4670.34
  259.3098     4670.34
  259.3718     4670.34
  259.4645     4670.34
  259.5413     4670.34
  259.6298     4670.34
  259.7018     4670.34
  259.7578     4670.34
  259.8098     4670.34
  259.8858     4670.34
  259.9738     4670.34
  260.0484     4670.34
  260.1583     4670.34
  260.2580     4670.34
  260.3269     4670.34
  260.4346     4670.34
  260.5391     4670.34
  260.6166     4670.34
  260.6946     4670.34
  260.7600     4670.34
  260.8871     4670.34
  260.9538     4670.34
  261.0029     4670.34
  261.0938     4670.34
  261.1498     4670.34
  261.2146     4670.34
  261.3112     4670.34
  261.4018     4670.34
  261.4510     4670.34
  261.5658     4670.34
  261.6151     4670.34
  261.7274     4670.34
  261.8366     4670.34
  261.8826     4670.34
  261.9411     4670.34
  262.0391     4670.34
  262.0781     4670.34
  262.1538     4670.34
  262.2098     4670.34
  262.3640     4670.34
  262.4418     4670.34
  262.5028     4670.34
  262.5919     4670.34
  262.6458     4670.34
  262.7188     4670.34
  262.8004     4670.34
  262.8901     4670.34
  262.9798     4670.34
  263.0738     4670.34
  263.1039     4670.34
  263.1855     4670.34
  263.2618     4670.34
  263.3698     4670.34
  263.4458     4670.34
  263.4907     4670.34
  263.5858     4670.34
  263.6398     4670.34
  263.7121     4670.34
  263.8086     4670.34
  263.8658     4670.34
  263.9623     4670.34
  264.0458     4670.34
  264.1040     4670.34
  264.1757     4670.34
  264.2902     4670.34
  264.3794     4670.34
  264.4786     4670.34
  264.6022     4670.34
  264.7184     4670.34
  264.7938     4670.34
  264.8469     4670.34
  264.9538     4670.34
  265.0458     4670.34
  265.1081     4670.34
  265.1541     4670.34
  265.2458     4670.34
  265.3344     4670.34
  265.4023     4670.34
  265.4938     4670.34
  265.5804     4670.34
  265.6392     4670.34
  265.7378     4670.34
  265.8458     4670.34
  265.9162     4670.34
  265.9818     4670.34
  266.0338     4670.34
  266.1458     4670.34
  266.2098     4670.34
  266.3185     4670.34
  266.4418     4670.34
  266.4982     4670.34
  266.5475     4670.34
  266.6178     4670.34
  266.6905     4670.34
  266.7601     4670.34
  266.8063     4670.34
  266.8818     4670.34
  266.9861     4670.34
  267.0626     4670.34
  267.1104     4670.34
  267.1953     4670.34
  267.2742     4670.34
  267.3566     4670.34
  267.4319     4670.34
  267.4778     4670.34
  267.5285     4670.34
  267.6338     4670.34
  267.6818     4670.34
  267.7698     4670.34
  267.8458     4670.34
  267.9378     4670.34
  267.9628     4670.34
  268.0426     4670.34
  268.1428     4670.34
  268.1978     4670.34
  268.2319     4670.34
  268.2900     4670.34
  268.3738     4670.34
  268.4658     4670.34
  268.5422     4670.34
  268.6230     4670.34
  268.7098     4670.34
  268.7738     4670.34
  268.8498     4670.34
  268.9391     4670.34
  269.0164     4670.34
  269.1286     4670.34
  269.1706     4670.34
  269.3138     4670.34
  269.4268     4670.34
  269.4978     4670.34
  269.5538     4670.34
  269.6258     4670.34
  269.6738     4670.34
  269.7381     4670.34
  269.7765     4670.34
  269.8298     4670.34
  269.8942     4670.34
  269.9538     4670.34
  269.9940     4670.34
  270.0898     4670.34
  270.1378     4670.34
  270.2018     4670.34
  270.2818     4670.34
  270.4178     4670.34
  270.4818     4670.34
  270.5346     4670.34
  270.6159     4670.34
  270.6938     4670.34
  270.7418     4670.34
  270.8432     4670.34
  270.9746     4670.34
  271.0594     4670.34
  271.1538     4670.34
  271.2098     4670.34
  271.2676     4670.34
  271.3066     4670.34
  271.3826     4670.34
  271.5339     4670.34
  271.5841     4670.34
  271.6378     4670.34
  271.7530     4670.34
  271.8259     4670.34
  271.8755     4670.34
  271.9438     4670.34
  272.0018     4670.34
  272.0498     4670.34
  272.1378     4670.34
  272.2018     4670.34
  272.2464     4670.34
  272.3218     4670.34
  272.3658     4670.34
  272.4383     4670.34
  272.5235     4670.34
  272.5770     4670.34
  272.6538     4670.34
  272.7233     4670.34
  272.8162     4670.34
  272.8876     4670.34
  272.9904     4670.34
  273.0683     4670.34
  273.1357     4670.34
  273.2162     4670.34
  273.2748     4670.34
  273.3538     4670.34
  273.4122     4670.34
  273.5298     4670.34
  273.6744     4670.34
  273.7524     4670.34
  273.8183     4670.34
  273.9138     4670.34
  274.0578     4670.34
  274.1218     4670.34
  274.1898     4670.34
  274.2907     4670.34
  274.3578     4670.34
  274.4552     4670.34
  274.5360     4670.34
  274.5919     4670.34
  274.6470     4670.34
  274.7013     4670.34
  274.7658     4670.34
  274.8546     4670.34
  274.9618     4670.34
  275.0300     4670.34
  275.1338     4670.34
  275.2178     4670.34
  275.3503     4670.34
  275.4298     4670.34
  275.4974     4670.34
  275.5738     4670.34
  275.6887     4670.34
  275.7593     4670.34
  275.8658     4670.34
  275.9619     4670.34
  276.0378     4670.34
  276.0917     4670.34
  276.1818     4670.34
  276.2671     4670.34
  276.3748     4670.34
  276.4445     4670.34
  276.5034     4670.34
  276.5778     4670.34
  276.6498     4670.34
  276.6883     4670.34
  276.7858     4670.34
  276.8418     4670.34
  276.8883     4670.34
  276.9538     4670.34
  277.0298     4670.34
  277.1258     4670.34
  277.2324     4670.34
  277.2943     4670.34
  277.3629     4670.34
  277.4218     4670.34
  277.4658     4670.34
  277.5298     4670.34
  277.6061     4670.34
  277.6843     4670.34
  279.1778     4670.34
  279.2458     4670.34
  279.3148     4670.34
  279.3990     4670.34
  279.5018     4670.34
  279.5599     4670.34
  279.6071     4670.34
  279.7086     4670.34
  279.8058     4670.34
  279.8938     4670.34
  279.9618     4670.34
  280.0540     4670.34
  280.1218     4670.34
  280.2018     4670.34
  280.2698     4670.34
  280.3349     4670.34
  280.4420     4670.34
  280.5298     4670.34
  280.6260     4670.34
  280.6738     4670.34
  280.7221     4670.34
  280.7738     4670.34
  280.8685     4670.34
  280.9522     4670.34
  281.0338     4670.34
  281.1218     4670.34
  281.2018     4670.34
  281.2898     4670.34
  281.3338     4670.34
  281.3818     4670.34
  281.4184     4670.34
  281.4938     4670.34
  281.5728     4670.34
  281.6509     4670.34
  281.7198     4670.34
  281.8018     4670.34
  281.8498     4670.34
  281.8898     4670.34
  281.9258     4670.34
  282.0058     4670.34
  282.0663     4670.34
  282.1418     4670.34
  282.2098     4670.34
  282.2658     4670.34
  282.3165     4670.34
  282.3710     4670.34
  282.4378     4670.34
  282.4978     4670.34
  282.5458     4670.34
  282.5946     4670.34
  282.6698     4670.34
  282.7098     4670.34
  282.7618     4670.34
  282.8458     4670.34
  282.9298     4670.34
  282.9702     4670.34
  283.0538     4670.34
  283.1279     4670.34
  283.2098     4670.34
  283.2809     4670.34
  283.3500     4670.34
  283.4464     4670.34
  283.5084     4670.34
  283.5676     4670.34
  283.6258     4670.34
  283.6997     4670.34
  283.7978     4670.34
  283.8483     4670.34
  283.9561     4670.34
  284.0378     4670.34
  284.1378     4670.34
  284.1818     4670.34
  284.2714     4670.34
  284.3458     4670.34
  284.4048     4670.34
  284.5818     4670.34
  284.6581     4670.34
  284.7357     4670.34
  284.7989     4670.34
  284.8618     4670.34
  284.9138     4670.34
  284.9797     4670.34
  285.0342     4670.34
  285.0938     4670.34
  285.1780     4670.34
  285.2658     4670.34
  285.3138     4670.34
  285.3778     4670.34
  285.4578     4670.34
  285.5086     4670.34
  285.5764     4670.34
  285.6498     4670.34
  285.7138     4670.34
  285.7713     4670.34
  285.8463     4670.34
  285.9298     4670.34
  285.9790     4670.34
  286.0458     4670.34
  286.1008     4670.34
  286.1578     4670.34
  286.2138     4670.34
  286.2978     4670.34
  286.3405     4670.34
  286.4179     4670.34
  286.4898     4670.34
  286.5618     4670.34
  286.6338     4670.34
  286.6935     4670.34
  286.7724     4670.34
  286.8458     4670.34
  286.9138     4670.34
  286.9898     4670.34
  287.0458     4670.34
  287.1083     4670.34
  287.1698     4670.34
  287.2418     4670.34
  287.2865     4670.34
  287.3418     4670.34
  287.3978     4670.34
  287.4498     4670.34
  287.5082     4670.34
  287.5658     4670.34
  287.6195     4670.34
  287.6938     4670.34
  287.7401     4670.34
  287.8018     4670.34
  287.8458     4670.34
  287.8874     4670.34
  287.9508     4670.34
  288.0178     4670.34
  288.0650     4670.34
  288.1418     4670.34
  288.2033     4670.34
  288.2978     4670.34
  288.3658     4670.34
  288.4138     4670.34
  288.4963     4670.34
  288.5706     4670.34
  288.6698     4670.34
  288.7318     4670.34
  288.8178     4670.34
  288.8698     4670.34
  288.9538     4670.34
  289.0018     4670.34
  289.0578     4670.34
  289.1178     4670.34
  289.1778     4670.34
  289.2282     4670.34
  289.2818     4670.34
  289.3480     4670.34
  289.4258     4670.34
  289.4778     4670.34
  289.5538     4670.34
  289.6058     4670.34
  289.6527     4670.34
  289.7098     4670.34
  289.7618     4670.34
  289.8058     4670.34
  289.8738     4670.34
  289.9298     4670.34
  289.9619     4670.34
  290.0458     4670.34
  290.0978     4670.34
  290.1418     4670.34
  290.1865     4670.34
  290.2538     4670.34
  290.2946     4670.34
  290.3618     4670.34
  290.3961     4670.34
  290.4614     4670.34
  290.5098     4670.34
  290.5578     4670.34
  290.5978     4670.34
  290.6585     4670.34
  290.7178     4670.34
  290.7639     4670.34
  290.8315     4670.34
  290.9306     4670.34
  291.0378     4670.34
  291.0978     4670.34
  291.1658     4670.34
  291.2218     4670.34
  291.2658     4670.34
  291.3218     4670.34
  291.3858     4670.34
  291.4516     4670.34
  291.5778     4670.34
  291.7018     4670.34
  291.7316     4670.34
  291.7978     4670.34
  291.8618     4670.34
  291.9242     4670.34
  292.0153     4670.34
  292.0896     4670.34
  292.1636     4670.34
  292.2458     4670.34
  292.2818     4670.34
  292.3346     4670.34
  292.3825     4670.34
  292.4578     4670.34
  292.5418     4670.34
  292.6500     4670.34
  292.7018     4670.34
  292.7978     4670.34
  292.8430     4670.34
  292.9206     4670.34
  292.9898     4670.34
  293.0578     4670.34
  293.1258     4670.34
  293.1778     4670.34
  293.2578     4670.34
  293.3098     4670.34
  293.3738     4670.34
  293.4378     4670.34
  293.5018     4670.34
  293.5510     4670.34
  293.6098     4670.34
  293.6542     4670.34
  293.7098     4670.34
  293.7640     4670.34
  293.8285     4670.34
  293.8841     4670.34
  293.9338     4670.34
  293.9782     4670.34
  294.0338     4670.34
  294.0858     4670.34
  294.1495     4670.34
  294.2058     4670.34
  294.2575     4670.34
  294.3058     4670.34
  294.3458     4670.34
  294.4098     4670.34
  294.4495     4670.34
  294.5138     4670.34
  294.5698     4670.34
  294.6218     4670.34
  294.6658     4670.34
  294.7224     4670.34
  294.7778     4670.34
  294.8190     4670.34
  294.8743     4670.34
  294.9418     4670.34
  295.0139     4670.34
  295.0995     4670.34
  295.1738     4670.34
  295.2313     4670.34
  295.3138     4670.34
  295.3521     4670.34
  295.4039     4670.34
  295.4705     4670.34
  295.5418     4670.34
  295.5817     4670.34
  295.6418     4670.34
  295.7003     4670.34
  295.7516     4670.34
  295.8218     4670.34
  295.8738     4670.34
  295.9182     4670.34
  295.9658     4670.34
  296.0098     4670.34
  296.0618     4670.34
  296.1178     4670.34
  296.1728     4670.34
  296.2083     4670.34
  296.2631     4670.34
  296.3218     4670.34
  296.3716     4670.34
  296.4345     4670.34
  296.5258     4670.34
  296.6020     4670.34
  296.6858     4670.34
  296.7658     4670.34
  296.8298     4670.34
  296.8815     4670.34
  296.9458     4670.34
  297.0058     4670.34
  297.0618     4670.34
  297.1418     4670.34
  297.2098     4670.34
  297.2858     4670.34
  297.3322     4670.34
  297.3978     4670.34
  297.4538     4670.34
  297.5178     4670.34
  297.5618     4670.34
  297.6260     4670.34
  297.7218     4670.34
  297.7953     4670.34
  297.8764     4670.34
  297.9584     4670.34
  298.0077     4670.34
  298.0379     4670.34
  298.1138     4670.34
  298.1507     4670.34
  298.2218     4670.34
  298.2978     4670.34
  298.3698     4670.34
  298.4029     4670.34
  298.4818     4670.34
  298.5552     4670.34
  298.6258     4670.34
  298.6887     4670.34
  298.7978     4670.34
  298.8418     4670.34
  298.8801     4670.34
  298.9261     4670.34
  298.9938     4670.34
  299.0518     4670.34
  299.1098     4670.34
  299.1679     4670.34
  299.2418     4670.34
  299.2938     4670.34
  299.3521     4670.34
  299.4299     4670.34
  299.5282     4670.34
  299.6258     4670.34
  299.7058     4670.34
  299.7818     4670.34
  299.8538     4670.34
  299.9058     4670.34
  299.9778     4670.34
  300.0306     4670.34
