    0.0717     6868.79
    0.1228     6868.79
    0.1957     6809.92
    0.2797     6809.92
    0.3877     6170.55
    0.4724     6170.55
    0.5557     6170.55
    0.6157     6112.32
    0.6798     6112.32
    0.7344     5316.23
    0.8078     5153.43
    0.8807     5153.43
    0.9397     5153.43
    1.0150     5153.43
    1.0957     5153.43
    1.1626     5153.43
    1.2434     5153.43
    1.3190     5153.43
    1.3814     5153.43
    1.4444     5126.91
    1.5296     5126.91
    1.6017     5126.91
    1.6917     5126.91
    1.7517     5126.91
    1.8117     5126.91
    1.8837     5126.91
    1.9605     5126.91
    2.0343     5126.91
    2.0862     5126.91
    2.1837     5126.91
    3.3335     5126.91
    3.4095     5126.91
    3.4615     5126.91
    3.5299     5126.91
    3.5926     4455.14
    3.6655     4455.14
    3.7107     4455.14
    3.7898     4455.14
    3.8535     4455.14
    3.9145     4455.14
    3.9655     4455.14
    4.0255     4455.14
    4.0775     4455.14
    4.1333     4455.14
    4.2095     4455.14
    4.2855     4455.14
    4.3615     4455.14
    4.4335     4455.14
    4.4962     4455.14
    4.5486     4455.14
    4.6175     4455.14
    4.6708     4455.14
    4.7455     4455.14
    4.7905     4455.14
    4.8548     4455.14
    4.9144     4455.14
    4.9721     4455.14
    5.0507     4455.14
    5.1414     4455.14
    5.2216     4455.14
    5.2866     4455.14
    5.3609     4455.14
    5.4295     4455.14
    5.4935     4455.14
    5.5735     4455.14
    5.6242     4455.14
    5.6941     4455.14
    5.7655     4455.14
    5.8233     4455.14
    5.8815     4455.14
    5.9375     4455.14
    5.9953     4455.14
    6.0615     4455.14
    6.1361     4455.14
    6.1975     4455.14
    6.2516     4455.14
    6.2851     4455.14
    6.3535     4455.14
    6.3939     4455.14
    6.4535     4455.14
    6.5145     4455.14
    6.5687     4455.14
    6.6295     4455.14
    6.6775     4455.14
    6.7421     4455.14
    6.8015     4455.14
    6.8535     4455.14
    6.9159     4455.14
    6.9772     4455.14
    7.0495     4455.14
    7.1019     4455.14
    7.1624     4455.14
    7.2295     4455.14
    7.2815     4455.14
    7.3255     4455.14
    7.3815     4455.14
    7.4455     4455.14
    7.4817     4455.14
    7.5375     4382.38
    7.5815     4382.38
    7.6415     4382.38
    7.6855     4382.38
    7.7335     4382.38
    7.7855     4382.38
    7.8415     4382.38
    7.9045     4382.38
    7.9535     4382.38
    8.0109     4382.38
    8.0895     4382.38
    8.1415     4382.38
    8.1935     4382.38
    8.2615     4382.38
    8.3375     4382.38
    8.3855     4382.38
    8.4385     4382.38
    8.5175     4382.38
    8.5616     4382.38
    8.6495     4382.38
    8.7040     4382.38
    8.7987     4382.38
    8.9015     4382.38
    8.9575     4382.38
    9.0127     4382.38
    9.0735     4382.38
    9.1536     4382.38
    9.2815     4382.38
    9.3535     4382.38
    9.4115     4382.38
    9.4937     4382.38
    9.5818     4382.38
    9.6636     4382.38
    9.7487     4382.38
    9.8455     4382.38
    9.9270     4382.38
   10.0175     4382.38
   10.0816     4382.38
   10.1535     4382.38
   10.2295     4382.38
   10.2975     4382.38
   10.3930     4382.38
   10.4784     4382.38
   10.5495     4382.38
   10.6599     4382.38
   10.7535     4382.38
   10.8375     4382.38
   10.9386     4382.38
   11.0911     4382.38
   11.1882     4382.38
   11.2895     4382.38
   11.3506     4382.38
   11.4145     4382.38
   11.4775     4382.38
   11.5275     4382.38
   11.6101     4382.38
   11.6722     4382.38
   11.8256     4382.38
   11.9581     4382.38
   12.0173     4382.38
   12.1155     4382.38
   12.2151     4382.38
   12.2885     4382.38
   12.3895     4382.38
   12.4775     4382.38
   12.5457     4382.38
   12.6031     4382.38
   12.6895     4382.38
   12.7676     4382.38
   12.8583     4382.38
   12.9295     4382.38
   12.9866     4382.38
   13.0615     4382.38
   13.1218     4382.38
   13.1975     4382.38
   13.2415     4382.38
   13.3033     4382.38
   13.3855     4382.38
   13.4480     4382.38
   13.5018     4382.38
   13.5895     4382.38
   13.7067     4382.38
   13.8055     4382.38
   13.8716     4382.38
   13.9191     4382.38
   13.9855     4382.38
   14.0335     4382.38
   14.0935     4382.38
   14.1775     4382.38
   14.2554     4382.38
   14.3535     4382.38
   14.4135     4382.38
   14.4673     4382.38
   14.5255     4382.38
   14.5932     4382.38
   14.6767     4382.38
   14.7735     4382.38
   14.8342     4382.38
   14.8933     4382.38
   14.9548     4382.38
   15.0655     4382.38
   15.1395     4382.38
   15.2255     4382.38
   15.3095     4382.38
   15.3695     4382.38
   15.4575     4382.38
   15.5575     4382.38
   15.6260     4382.38
   15.7495     4382.38
   15.7895     4382.38
   15.8855     4382.38
   15.9576     4382.38
   16.0103     4382.38
   16.0818     4382.38
   16.2100     4382.38
   16.3055     4382.38
   16.3443     4382.38
   16.4215     4382.38
   16.5015     4382.38
   16.5954     4382.38
   16.7135     4382.38
   16.8141     4382.38
   16.9113     4382.38
   17.0178     4382.38
   17.0957     4382.38
   17.1564     4382.38
   17.2091     4382.38
   17.2615     4382.38
   17.3122     4382.38
   17.3823     4382.38
   17.4551     4382.38
   17.5307     4382.38
   17.6066     4382.38
   17.6790     4382.38
   17.7415     4382.38
   17.8484     4382.38
   17.9704     4382.38
   18.0282     4382.38
   18.1253     4382.38
   18.2100     4382.38
   18.3135     4382.38
   18.3829     4382.38
   18.4466     4382.38
   18.5196     4382.38
   18.6522     4382.38
   18.7520     4382.38
   18.8096     4382.38
   18.8951     4382.38
   18.9501     4382.38
   19.0135     4382.38
   19.0775     4382.38
   19.1495     4382.38
   19.2127     4382.38
   19.2980     4382.38
   19.3735     4382.38
   19.4544     4382.38
   19.5266     4382.38
   19.6092     4382.38
   19.7175     4382.38
   19.7935     4382.38
   19.8476     4382.38
   19.9383     4382.38
   20.0000     4382.38
   20.0724     4382.38
   20.1246     4382.38
   20.2158     4382.38
   20.3068     4382.38
   20.3867     4382.38
   20.4575     4382.38
   20.5464     4382.38
   20.6267     4382.38
   20.7022     4382.38
   20.8354     4382.38
   20.9593     4382.38
   21.0575     4382.38
   21.1696     4382.38
   21.2615     4382.38
   21.3104     4382.38
   21.3735     4382.38
   21.4223     4382.38
   21.5166     4382.38
   21.5935     4382.38
   21.6615     4382.38
   21.7375     4382.38
   21.7895     4382.38
   21.8495     4382.38
   21.9055     4382.38
   21.9735     4382.38
   22.0281     4382.38
   22.0782     4382.38
   22.1415     4382.38
   22.2015     4382.38
   22.2655     4382.38
   22.3201     4382.38
   22.3795     4382.38
   22.4495     4382.38
   22.4936     4382.38
   22.5701     4382.38
   22.6147     4382.38
   22.6735     4382.38
   22.7775     4382.38
   22.8357     4382.38
   22.9028     4382.38
   22.9500     4382.38
   23.0080     4382.38
   23.1021     4382.38
   23.1959     4382.38
   23.3335     4382.38
   23.4033     4382.38
   23.4668     4382.38
   23.5215     4382.38
   23.6122     4382.38
   23.7335     4382.38
   23.8335     4382.38
   23.8836     4382.38
   23.9917     4382.38
   24.0698     4382.38
   24.1471     4382.38
   24.2335     4382.38
   24.2749     4382.38
   24.3651     4382.38
   24.4797     4382.38
   24.5938     4382.38
   24.7190     4382.38
   24.8695     4382.38
   24.9393     4382.38
   25.0284     4382.38
   25.0935     4382.38
   25.1538     4382.38
   25.2992     4382.38
   25.3714     4382.38
   25.4815     4382.38
   25.5272     4382.38
   25.6347     4382.38
   25.7750     4382.38
   25.8796     4382.38
   26.0197     4382.38
   26.0813     4382.38
   26.2181     4382.38
   26.3596     4382.38
   26.4461     4382.38
   26.5587     4382.38
   26.6932     4382.38
   26.7513     4382.38
   26.8845     4382.38
   26.9432     4382.38
   27.0052     4382.38
   27.1695     4382.38
   27.2709     4382.38
   27.3439     4382.38
   27.4820     4382.38
   27.5564     4382.38
   27.6713     4382.38
   27.8029     4382.38
   27.9198     4382.38
   27.9855     4382.38
   28.0440     4382.38
   28.1428     4382.38
   28.2542     4382.38
   28.4365     4382.38
   28.5754     4382.38
   28.6835     4382.38
   28.7906     4382.38
   28.8525     4382.38
   28.9538     4382.38
   29.0850     4382.38
   29.2028     4382.38
   29.3255     4382.38
   29.4064     4382.38
   29.5032     4382.38
   29.6095     4382.38
   29.7018     4382.38
   29.8417     4382.38
   29.9295     4382.38
   30.0232     4382.38
   30.1136     4382.38
   30.2396     4382.38
   30.3055     4382.38
   30.4255     4382.38
   30.4860     4382.38
   30.5895     4382.38
   30.6455     4382.38
   30.7265     4382.38
   30.7975     4382.38
   30.8655     4382.38
   30.9495     4382.38
   31.0055     4382.38
   31.0786     4382.38
   31.1716     4382.38
   31.2542     4382.38
   31.3655     4382.38
   31.4335     4382.38
   31.5135     4382.38
   31.5935     4382.38
   31.6895     4382.38
   31.7678     4382.38
   31.8956     4382.38
   32.0135     4382.38
   32.1215     4382.38
   32.2056     4382.38
   32.2819     4382.38
   32.3898     4382.38
   32.4427     4382.38
   32.5010     4382.38
   32.6175     4382.38
   32.6775     4382.38
   32.7998     4382.38
   32.8798     4382.38
   32.9826     4382.38
   33.1095     4382.38
   33.2124     4382.38
   33.2990     4382.38
   33.3661     4382.38
   33.4537     4382.38
   33.5547     4382.38
   33.6415     4382.38
   33.8257     4382.38
   33.8882     4382.38
   33.9816     4382.38
   34.0615     4382.38
   34.3712     4382.38
   34.5135     4382.38
   34.6215     4382.38
   34.7120     4382.38
   34.7855     4382.38
   34.8449     4382.38
   34.9479     4382.38
   35.0228     4382.38
   35.1420     4382.38
   35.2719     4382.38
   35.3442     4382.38
   35.4349     4382.38
   35.5153     4382.38
   36.6883     4382.38
   36.7928     4382.38
   36.8588     4382.38
   36.9545     4382.38
   37.0693     4382.38
   37.2145     4382.38
   37.3359     4382.38
   37.3990     4382.38
   37.5145     4382.38
   37.6067     4382.38
   37.7145     4382.38
   37.7753     4382.38
   37.8465     4382.38
   37.8968     4382.38
   38.0265     4382.38
   38.1169     4382.38
   38.2545     4382.38
   38.3705     4382.38
   38.4480     4382.38
   38.5425     4382.38
   38.5985     4382.38
   38.6722     4382.38
   38.7545     4382.38
   38.8045     4382.38
   38.8665     4382.38
   38.8991     4382.38
   38.9545     4382.38
   39.0192     4382.38
   39.0865     4382.38
   39.1389     4382.38
   39.2225     4382.38
   39.2825     4382.38
   39.3424     4382.38
   39.4185     4382.38
   39.4705     4382.38
   39.5345     4382.38
   39.6185     4382.38
   39.6825     4382.38
   39.7312     4382.38
   39.7985     4382.38
   39.8622     4382.38
   39.9265     4382.38
   39.9669     4382.38
   40.0249     4382.38
   40.0793     4382.38
   40.1141     4382.38
   40.1732     4382.38
   40.2265     4382.38
   40.2807     4382.38
   40.3490     4382.38
   40.4307     4382.38
   40.5965     4382.38
   40.7385     4382.38
   40.8226     4382.38
   40.9554     4382.38
   41.0292     4382.38
   41.1507     4382.38
   41.2945     4382.38
   41.3877     4382.38
   41.4665     4382.38
   41.5545     4382.38
   41.6305     4382.38
   41.7385     4382.38
   41.8545     4382.38
   41.9345     4382.38
   42.0206     4382.38
   42.0892     4382.38
   42.1585     4382.38
   42.2892     4382.38
   42.3785     4382.38
   42.4929     4382.38
   42.6068     4382.38
   42.6785     4382.38
   42.7467     4382.38
   42.8225     4382.38
   42.9006     4382.38
   42.9985     4382.38
   43.0865     4382.38
   43.1625     4382.38
   43.2547     4382.38
   43.3361     4382.38
   43.4265     4382.38
   43.4682     4382.38
   43.5675     4382.38
   43.7329     4382.38
   43.8294     4382.38
   43.9487     4382.38
   44.0833     4382.38
   44.1913     4382.38
   44.3529     4382.38
   44.4906     4382.38
   44.5825     4382.38
   44.7025     4382.38
   44.8311     4382.38
   44.8957     4382.38
   44.9865     4382.38
   45.0197     4382.38
   45.0945     4382.38
   45.1896     4382.38
   45.2505     4382.38
   45.3545     4382.38
   45.4081     4382.38
   45.4888     4382.38
   45.5553     4382.38
   45.6602     4382.38
   45.7305     4382.38
   45.8425     4382.38
   45.9465     4382.38
   46.0173     4382.38
   46.0834     4382.38
   46.1569     4382.38
   46.2826     4382.38
   46.3585     4382.38
   46.4945     4382.38
   46.5585     4382.38
   46.6691     4382.38
   46.7505     4382.38
   46.8237     4382.38
   46.9185     4382.38
   46.9852     4382.38
   47.0905     4382.38
   47.2265     4382.38
   47.3272     4382.38
   47.4093     4382.38
   47.5025     4255.77
   47.5698     4255.77
   47.6585     4255.77
   47.7465     4255.77
   47.8200     4255.77
   47.8665     4255.77
   47.9145     4255.77
   47.9812     4255.77
   48.0794     4255.77
   48.1747     4255.77
   48.2761     4255.77
   48.3505     4255.77
   48.4255     4255.77
   48.5225     4255.77
   48.6265     4255.77
   48.7145     4255.77
   48.8614     4255.77
   48.9985     4255.77
   49.0791     4255.77
   49.1705     4255.77
   49.2266     4255.77
   49.3105     4255.77
   49.3798     4255.77
   49.4962     4255.77
   49.6607     4255.77
   49.7745     4255.77
   49.8137     4255.77
   49.9285     4255.77
   50.0205     4255.77
   50.1205     4255.77
   50.1870     4255.77
   50.2909     4255.77
   50.3986     4255.77
   50.4845     4255.77
   50.5935     4255.77
   50.6505     4255.77
   50.7731     4255.77
   50.9483     4255.77
   51.0987     4255.77
   51.1334     4255.77
   51.2555     4255.77
   51.3473     4255.77
   51.4506     4255.77
   51.4971     4255.77
   51.6065     4255.77
   51.6748     4255.77
   51.7625     4255.77
   51.8210     4255.77
   51.8798     4255.77
   51.9745     4255.77
   52.0575     4255.77
   52.2079     4255.77
   52.2952     4255.77
   52.3985     4255.77
   52.5025     4255.77
   52.5945     4255.77
   52.6518     4255.77
   52.7305     4255.77
   52.8292     4255.77
   52.9505     4255.77
   53.0225     4255.77
   53.1087     4255.77
   53.1985     4255.77
   53.2568     4255.77
   53.3612     4255.77
   53.4665     4255.77
   53.5398     4255.77
   53.6395     4255.77
   53.7721     4255.77
   53.9147     4255.77
   54.0040     4255.77
   54.0938     4255.77
   54.1785     4255.77
   54.2523     4255.77
   54.3265     4255.77
   54.3945     4255.77
   54.4585     4255.77
   54.5425     4255.77
   54.5956     4255.77
   54.6745     4255.77
   54.7440     4255.77
   54.8075     4255.77
   54.8692     4255.77
   54.9502     4255.77
   55.0267     4255.77
   55.0946     4255.77
   55.1465     4255.77
   55.2465     4255.77
   55.3050     4255.77
   55.4065     4255.77
   55.4865     4255.77
   55.5585     4255.77
   55.6266     4255.77
   55.6985     4255.77
   55.7733     4255.77
   55.8465     4255.77
   55.9105     4255.77
   55.9653     4255.77
   56.0665     4255.77
   56.1545     4255.77
   56.2745     4255.77
   56.3585     4255.77
   56.4225     4255.77
   56.5145     4255.77
   56.5705     4255.77
   56.6545     4255.77
   56.7025     4255.77
   56.7665     4255.77
   56.8465     4255.77
   56.9065     4255.77
   56.9825     4255.77
   57.0416     4255.77
   57.1225     4255.77
   57.2065     4255.77
   57.2785     4255.77
   57.3545     4255.77
   57.4154     4255.77
   57.4609     4255.77
   57.5385     4255.77
   57.6025     4255.77
   57.6562     4255.77
   57.7625     4255.77
   57.8366     4255.77
   57.9145     4255.77
   58.0163     4255.77
   58.0785     4255.77
   58.1533     4255.77
   58.2927     4255.77
   58.4229     4255.77
   58.5185     4255.77
   58.6083     4255.77
   58.7105     4255.77
   58.8199     4255.77
   58.9079     4255.77
   59.0277     4255.77
   59.1025     4255.77
   59.1838     4255.77
   59.2665     4255.77
   59.3565     4255.77
   59.4505     4255.77
   59.5180     4255.77
   59.6105     4255.77
   59.6865     4255.77
   59.7882     4255.77
   59.8628     4255.77
   59.9427     4255.77
   59.9950     4255.77
   60.0563     4255.77
   60.1735     4255.77
   60.2696     4255.77
   60.3360     4255.77
   60.4043     4255.77
   60.4665     4255.77
   60.5385     4255.77
   60.5842     4255.77
   60.6799     4255.77
   60.7642     4255.77
   60.8263     4255.77
   60.9065     4255.77
   60.9830     4255.77
   61.0660     4255.77
   61.1248     4255.77
   61.2023     4255.77
   61.2985     4255.77
   61.3629     4255.77
   61.4196     4255.77
   61.4785     4255.77
   61.5345     4255.77
   61.6025     4255.77
   61.6504     4255.77
   61.7065     4255.77
   61.7625     4255.77
   61.8345     4255.77
   61.8976     4255.77
   61.9547     4255.77
   62.0185     4255.77
   62.0960     4255.77
   62.1745     4255.77
   62.2425     4255.77
   62.3087     4255.77
   62.3833     4255.77
   62.4385     4255.77
   62.5265     4255.77
   62.5825     4255.77
   62.6625     4255.77
   62.7225     4255.77
   62.7967     4255.77
   62.8825     4255.77
   62.9505     4255.77
   63.0339     4255.77
   63.1065     4255.77
   63.1545     4255.77
   63.2185     4255.77
   63.2847     4255.77
   63.3945     4255.77
   63.4409     4255.77
   63.5145     4255.77
   63.5906     4255.77
   63.6494     4255.77
   63.7386     4255.77
   63.8265     4255.77
   63.8850     4255.77
   63.9332     4255.77
   63.9967     4255.77
   64.0844     4255.77
   64.1639     4255.77
   64.2745     4255.77
   64.3465     4255.77
   64.4680     4255.77
   64.5449     4255.77
   64.6265     4255.77
   64.6905     4255.77
   64.7480     4255.77
   64.7981     4255.77
   64.9345     4255.77
   65.0251     4255.77
   65.0985     4255.77
   65.1785     4255.77
   65.2305     4255.77
   65.2825     4255.77
   65.3585     4255.77
   65.4694     4255.77
   65.5627     4255.77
   65.6276     4255.77
   65.7038     4255.77
   65.7923     4255.77
   65.8951     4255.77
   65.9773     4255.77
   66.1250     4255.77
   66.2208     4255.77
   66.3213     4255.77
   66.4465     4255.77
   66.5071     4255.77
   66.5789     4255.77
   66.6585     4255.77
   66.7686     4255.77
   66.8867     4255.77
   67.0034     4255.77
   67.0908     4255.77
   67.1825     4255.77
   67.2545     4255.77
   67.4025     4255.77
   67.4506     4255.77
   67.5243     4255.77
   67.6196     4255.77
   67.7127     4255.77
   67.8070     4255.77
   67.9305     4255.77
   68.0129     4255.77
   68.1032     4255.77
   68.2246     4255.77
   68.3658     4255.77
   68.4293     4255.77
   68.5213     4255.77
   68.5855     4255.77
   68.6646     4255.77
   68.7545     4255.77
   68.8185     4255.77
   68.8707     4255.77
   68.9585     4255.77
   69.0505     4255.77
   70.2038     4255.77
   70.2909     4255.77
   70.3747     4255.77
   70.4518     4255.77
   70.5427     4255.77
   70.6901     4255.77
   70.7748     4255.77
   70.8787     4255.77
   70.9415     4255.77
   71.0321     4255.77
   71.1267     4255.77
   71.1992     4255.77
   71.2876     4255.77
   71.3867     4255.77
   71.4587     4255.77
   71.5611     4255.77
   71.6307     4255.77
   71.6922     4255.77
   71.7587     4255.77
   71.8187     4255.77
   71.8867     4255.77
   71.9394     4255.77
   72.0187     4255.77
   72.0867     4255.77
   72.1307     4255.77
   72.1989     4255.77
   72.2708     4255.77
   72.3574     4255.77
   72.4580     4255.77
   72.5267     4255.77
   72.6029     4255.77
   72.7114     4255.77
   72.7558     4255.77
   72.8467     4255.77
   72.9467     4255.77
   73.0347     4255.77
   73.0964     4255.77
   73.1787     4255.77
   73.2930     4255.77
   73.3928     4255.77
   73.4846     4255.77
   73.6147     4255.77
   73.7274     4255.77
   73.8253     4255.77
   73.9187     4255.77
   73.9787     4255.77
   74.0507     4255.77
   74.1307     4255.77
   74.1867     4255.77
   74.2547     4255.77
   74.3213     4255.77
   74.4187     4255.77
   74.4799     4255.77
   74.5507     4255.77
   74.5876     4255.77
   74.6827     4255.77
   74.7550     4255.77
   74.8187     4255.77
   74.8714     4255.77
   74.9707     4255.77
   75.0168     4255.77
   75.0867     4255.77
   75.1851     4255.77
   75.2258     4255.77
   75.2961     4255.77
   75.3962     4255.77
   75.4827     4255.77
   75.5641     4255.77
   75.6467     4255.77
   75.7427     4255.77
   75.8507     4255.77
   75.8902     4255.77
   76.0677     4255.77
   76.1628     4255.77
   76.2483     4255.77
   76.3207     4255.77
   76.3917     4255.77
   76.4540     4255.77
   76.5326     4255.77
   76.6317     4255.77
   76.7307     4255.77
   76.8017     4255.77
   76.8762     4255.77
   76.9548     4255.77
   77.0049     4255.77
   77.1059     4255.77
   77.1934     4255.77
   77.2559     4255.77
   77.3267     4255.77
   77.4147     4255.77
   77.4827     4255.77
   77.5563     4255.77
   77.6187     4255.77
   77.6987     4255.77
   77.7907     4255.77
   77.8597     4255.77
   77.9710     4255.77
   78.0351     4255.77
   78.1227     4255.77
   78.1707     4255.77
   78.2267     4255.77
   78.2847     4255.77
   78.3787     4255.77
   78.4372     4255.77
   78.4987     4255.77
   78.5747     4255.77
   78.6347     4255.77
   78.6928     4255.77
   78.7773     4255.77
   78.8427     4255.77
   78.8972     4255.77
   78.9468     4255.77
   79.0067     4255.77
   79.0602     4255.77
   79.1307     4255.77
   79.1738     4255.77
   79.2507     4255.77
   79.3044     4255.77
   79.3602     4255.77
   79.4147     4255.77
   79.4587     4255.77
   79.5027     4255.77
   79.5507     4255.77
   79.6002     4255.77
   79.6627     4255.77
   79.7107     4255.77
   79.7507     4255.77
   79.8147     4255.77
   79.8557     4255.77
   79.9067     4255.77
   79.9867     4255.77
   80.0387     4255.77
   80.1027     4255.77
   80.1627     4255.77
   80.2387     4255.77
   80.2928     4255.77
   80.3560     4255.77
   80.4112     4255.77
   80.4667     4255.77
   80.5068     4255.77
   80.5627     4255.77
   80.6227     4255.77
   80.6606     4255.77
   80.7187     4255.77
   80.7804     4255.77
   80.8307     4255.77
   80.8827     4255.77
   80.9527     4255.77
   81.0189     4255.77
   81.0941     4255.77
   81.1467     4255.77
   81.2067     4255.77
   81.2627     4255.77
   81.3147     4255.77
   81.3637     4255.77
   81.4267     4255.77
   81.4867     4255.77
   81.5427     4255.77
   81.6067     4255.77
   81.6426     4255.77
   81.6947     4255.77
   81.7423     4255.77
   81.8147     4255.77
   81.8663     4255.77
   81.9267     4255.77
   81.9867     4255.77
   82.0427     4255.77
   82.1107     4255.77
   82.1446     4255.77
   82.2187     4255.77
   82.2676     4255.77
   82.3408     4255.77
   82.3785     4255.77
   82.4565     4255.77
   82.5123     4255.77
   82.5667     4255.77
   82.6291     4255.77
   82.7137     4255.77
   82.7747     4255.77
   82.8343     4255.77
   82.8987     4255.77
   82.9568     4255.77
   83.0202     4255.77
   83.0752     4255.77
   83.1356     4255.77
   83.1947     4255.77
   83.2556     4255.77
   83.3183     4255.77
   83.3859     4255.77
   83.4535     4255.77
   83.5428     4255.77
   83.5902     4255.77
   83.6617     4255.77
   83.7251     4255.77
   83.8227     4255.77
   83.8735     4255.77
   83.9283     4255.77
   83.9960     4255.77
   84.0748     4255.77
   84.1480     4255.77
   84.2002     4255.77
   84.2469     4255.77
   84.3328     4255.77
   84.3790     4255.77
   84.4467     4255.77
   84.4952     4255.77
   84.5787     4255.77
   84.6353     4255.77
   84.7188     4255.77
   84.7747     4255.77
   84.8174     4255.77
   84.8750     4255.77
   84.9267     4255.77
   84.9907     4255.77
   85.0518     4255.77
   85.1227     4255.77
   85.1804     4255.77
   85.2488     4255.77
   85.3229     4255.77
   85.3887     4255.77
   85.4710     4255.77
   85.5587     4255.77
   85.6107     4255.77
   85.6581     4255.77
   85.7288     4255.77
   85.7988     4255.77
   85.8486     4255.77
   85.9227     4255.77
   85.9808     4255.77
   86.0427     4255.77
   86.0997     4255.77
   86.1656     4255.77
   86.2427     4255.77
   86.3027     4255.77
   86.3667     4255.77
   86.4186     4255.77
   86.4947     4255.77
   86.5336     4255.77
   86.5987     4255.77
   86.6797     4255.77
   86.7294     4255.77
   86.7914     4255.77
   86.8524     4255.77
   86.9337     4255.77
   86.9987     4255.77
   87.0438     4255.77
   87.1187     4255.77
   87.1907     4255.77
   87.2371     4255.77
   87.3227     4255.77
   87.3827     4255.77
   87.4298     4255.77
   87.4947     4255.77
   87.5587     4255.77
   87.6049     4255.77
   87.6707     4255.77
   87.7107     4255.77
   87.7987     4255.77
   87.8587     4255.77
   87.9173     4255.77
   87.9943     4255.77
   88.0547     4255.77
   88.1052     4255.77
   88.1707     4255.77
   88.2261     4255.77
   88.2907     4255.77
   88.3346     4255.77
   88.3907     4255.77
   88.4359     4255.77
   88.4827     4255.77
   88.5453     4255.77
   88.5898     4255.77
   88.6467     4255.77
   88.6880     4255.77
   88.7387     4255.77
   88.7747     4255.77
   88.8427     4255.77
   88.8962     4255.77
   88.9547     4255.77
   89.0158     4255.77
   89.0827     4255.77
   89.1347     4255.77
   89.1787     4255.77
   89.2347     4255.77
   89.2827     4255.77
   89.3507     4255.77
   89.4188     4255.77
   89.4747     4255.77
   89.5405     4255.77
   89.6427     4255.77
   89.6949     4255.77
   89.7707     4255.77
   89.8317     4255.77
   89.8987     4255.77
   89.9667     4255.77
   90.0347     4255.77
   90.0907     4255.77
   90.1668     4255.77
   90.2227     4255.77
   90.2867     4255.77
   90.3329     4255.77
   90.4084     4255.77
   90.4724     4255.77
   90.5467     4255.77
   90.5947     4255.77
   90.6414     4255.77
   90.7147     4255.77
   90.7707     4255.77
   90.8383     4255.77
   90.9116     4255.77
   90.9764     4255.77
   91.0427     4255.77
   91.1244     4255.77
   91.1948     4255.77
   91.2473     4255.77
   91.2974     4255.77
   91.3867     4255.77
   91.4482     4255.77
   91.5347     4255.77
   91.6061     4255.77
   91.6842     4255.77
   91.7401     4255.77
   91.7987     4255.77
   91.8628     4255.77
   91.9078     4255.77
   91.9906     4255.77
   92.0787     4255.77
   92.1571     4255.77
   92.2387     4255.77
   92.3248     4255.77
   92.4214     4255.77
   92.5267     4255.77
   92.5850     4255.77
   92.6584     4255.77
   92.8529     4255.77
   92.9507     4255.77
   93.0184     4255.77
   93.1552     4255.77
   93.1797     4255.77
   93.3095     4255.77
   93.4187     4255.77
   93.5406     4255.77
   93.6608     4255.77
   93.7507     4255.77
   93.8511     4255.77
   94.0059     4255.77
   94.1123     4255.77
   94.1855     4255.77
   94.3249     4255.77
   94.4067     4255.77
   94.5187     4255.77
   94.6147     4255.77
   94.7387     4255.77
   94.7915     4255.77
   94.8898     4255.77
   94.9947     4255.77
   95.0707     4255.77
   95.1587     4255.77
   95.2694     4255.77
   95.3509     4255.77
   95.4307     4255.77
   95.5572     4255.77
   95.6207     4255.77
   95.7388     4255.77
   95.8049     4255.77
   95.8805     4255.77
   96.0067     4255.77
   96.1267     4255.77
   96.1935     4255.77
   96.3347     4255.77
   96.3867     4255.77
   96.4827     4255.77
   96.6227     4255.77
   96.7367     4255.77
   96.8107     4255.77
   96.8787     4255.77
   96.9707     4255.77
   97.0602     4255.77
   97.1207     4255.77
   97.2107     4255.77
   97.2747     4255.77
   97.3387     4255.77
   97.3879     4255.77
   97.4830     4255.77
   97.6241     4255.77
   97.6867     4255.77
   97.7893     4255.77
   97.8787     4255.77
   97.9355     4255.77
   97.9879     4255.77
   98.0427     4255.77
   98.1484     4255.77
   98.2107     4255.77
   98.2787     4255.77
   98.3525     4255.77
   98.4470     4255.77
   98.5095     4255.77
   98.5726     4255.77
   98.6573     4255.77
   98.7867     4255.77
   98.8531     4255.77
   98.9201     4255.77
   99.0077     4255.77
   99.1347     4255.77
   99.2107     4255.77
   99.3162     4255.77
   99.3823     4255.77
   99.4630     4255.77
   99.5089     4255.77
   99.6147     4255.77
   99.6959     4255.77
   99.7625     4255.77
   99.8499     4255.77
   99.9667     4255.77
  100.0721     4255.77
  100.1577     4255.77
  100.2756     4255.77
  100.3467     4255.77
  100.4107     4255.77
  100.5038     4255.77
  100.5994     4255.77
  100.6808     4255.77
  100.7723     4255.77
  100.8707     4255.77
  100.9671     4255.77
  101.0373     4255.77
  101.1092     4255.77
  101.2227     4255.77
  101.3113     4255.77
  101.4207     4255.77
  101.5280     4255.77
  101.6396     4255.77
  101.7378     4255.77
  101.8387     4255.77
  101.9089     4255.77
  102.0433     4255.77
  102.1968     4255.77
  102.3307     4255.77
  102.4363     4255.77
  103.6151     4255.77
  103.7072     4255.77
  103.8037     4255.77
  103.9047     4255.77
  104.0073     4255.77
  104.0869     4255.77
  104.1672     4255.77
  104.2588     4255.77
  104.3081     4255.77
  104.3684     4255.77
  104.4173     4255.77
  104.4986     4255.77
  104.5826     4255.77
  104.6658     4255.77
  104.7569     4255.77
  104.8400     4255.77
  104.9266     4255.77
  105.0266     4255.77
  105.1433     4255.77
  105.2604     4255.77
  105.3190     4255.77
  105.3906     4255.77
  105.4586     4255.77
  105.5315     4255.77
  105.6046     4255.77
  105.6826     4255.77
  105.7986     4255.77
  105.8836     4255.77
  105.9753     4255.77
  106.0626     4255.77
  106.1546     4255.77
  106.2193     4255.77
  106.2762     4255.77
  106.3925     4255.77
  106.4998     4255.77
  106.6226     4255.77
  106.7066     4255.77
  106.8346     4255.77
  106.9066     4255.77
  106.9986     4255.77
  107.0554     4255.77
  107.1146     4255.77
  107.2290     4255.77
  107.2986     4255.77
  107.3484     4255.77
  107.4552     4255.77
  107.5409     4255.77
  107.6266     4255.77
  107.6690     4255.77
  107.7798     4255.77
  107.8826     4255.77
  107.9373     4255.77
  108.0050     4255.77
  108.0814     4255.77
  108.1667     4255.77
  108.2706     4255.77
  108.3386     4255.77
  108.4016     4255.77
  108.5026     4255.77
  108.5897     4255.77
  108.6786     4255.77
  108.7626     4255.77
  108.8466     4255.77
  108.9466     4255.77
  109.0176     4255.77
  109.0866     4255.77
  109.1546     4255.77
  109.2546     4255.77
  109.3205     4255.77
  109.4115     4255.77
  109.5266     4255.77
  109.5783     4255.77
  109.6469     4255.77
  109.7226     4255.77
  109.7784     4255.77
  109.8735     4255.77
  109.9899     4255.77
  110.0666     4255.77
  110.1348     4255.77
  110.2241     4255.77
  110.2727     4255.77
  110.4121     4255.77
  110.5426     4255.77
  110.6426     4255.77
  110.7226     4255.77
  110.8066     4255.77
  110.8797     4255.77
  110.9426     4255.77
  110.9933     4255.77
  111.0786     4255.77
  111.1626     4255.77
  111.2445     4255.77
  111.3124     4255.77
  111.3643     4255.77
  111.4626     4255.77
  111.5346     4255.77
  111.5821     4255.77
  111.6386     4255.77
  111.6856     4255.77
  111.7546     4255.77
  111.8347     4255.77
  111.9158     4255.77
  111.9915     4255.77
  112.0610     4255.77
  112.1466     4255.77
  112.2346     4255.77
  112.3916     4255.77
  112.4840     4255.77
  112.5706     4255.77
  112.6562     4255.77
  112.7226     4255.77
  112.7733     4255.77
  112.8386     4255.77
  112.8986     4255.77
  112.9626     4255.77
  113.0226     4255.77
  113.0900     4255.77
  113.1746     4255.77
  113.2306     4255.77
  113.2754     4255.77
  113.3306     4255.77
  113.4106     4255.77
  113.4772     4255.77
  113.5586     4255.77
  113.6106     4255.77
  113.6761     4255.77
  113.7506     4255.77
  113.8130     4255.77
  113.8729     4255.77
  113.9415     4255.77
  114.0546     4255.77
  114.1426     4255.77
  114.2106     4255.77
  114.2946     4255.77
  114.3708     4255.77
  114.4386     4255.77
  114.5386     4255.77
  114.6673     4255.77
  114.7786     4255.77
  114.8832     4255.77
  114.9386     4255.77
  115.0426     4255.77
  115.1146     4255.77
  115.1826     4255.77
  115.2562     4255.77
  115.3329     4255.77
  115.4313     4255.77
  115.5044     4255.77
  115.6039     4255.77
  115.6831     4255.77
  115.7466     4255.77
  115.8179     4255.77
  115.8852     4255.77
  115.9506     4255.77
  116.0546     4255.77
  116.1179     4255.77
  116.1866     4255.77
  116.2426     4255.77
  116.3226     4255.77
  116.4043     4255.77
  116.4655     4255.77
  116.5527     4255.77
  116.6124     4255.77
  116.6738     4255.77
  116.7335     4255.77
  116.7935     4255.77
  116.8586     4255.77
  116.9056     4255.77
  116.9746     4255.77
  117.0208     4255.77
  117.0770     4255.77
  117.1506     4255.77
  117.2321     4255.77
  117.3066     4255.77
  117.3743     4255.77
  117.4468     4255.77
  117.5106     4255.77
  117.6123     4255.77
  117.6887     4255.77
  117.7711     4255.77
  117.8529     4255.77
  117.9673     4255.77
  118.0761     4255.77
  118.1746     4255.77
  118.2284     4255.77
  118.2666     4255.77
  118.3466     4255.77
  118.4765     4255.77
  118.5586     4255.77
  118.6426     4255.77
  118.7061     4255.77
  118.7946     4255.77
  118.8841     4255.77
  119.0039     4255.77
  119.0881     4255.77
  119.1586     4255.77
  119.2786     4255.77
  119.3491     4255.77
  119.4786     4255.77
  119.5450     4255.77
  119.6106     4255.77
  119.7239     4255.77
  119.7906     4255.77
  119.8523     4255.77
  119.9673     4255.77
  120.0798     4255.77
  120.2066     4255.77
  120.3106     4255.77
  120.3694     4255.77
  120.4466     4255.77
  120.5186     4255.77
  120.6066     4255.77
  120.6786     4255.77
  120.7517     4255.77
  120.8266     4255.77
  120.8859     4255.77
  120.9626     4255.77
  121.0483     4255.77
  121.1506     4255.77
  121.2106     4255.77
  121.2643     4255.77
  121.3279     4255.77
  121.4106     4255.77
  121.4906     4255.77
  121.5707     4255.77
  121.6346     4255.77
  121.7146     4255.77
  121.7946     4255.77
  121.8546     4255.77
  121.9106     4255.77
  121.9547     4255.77
  122.0266     4255.77
  122.0826     4255.77
  122.1250     4255.77
  122.1786     4255.77
  122.2321     4255.77
  122.2986     4255.77
  122.3374     4255.77
  122.3986     4255.77
  122.4782     4255.77
  122.5546     4255.77
  122.6066     4255.77
  122.6786     4255.77
  122.6957     4255.77
  122.7666     4255.77
  122.8173     4255.77
  122.8866     4255.77
  122.9687     4255.77
  123.0346     4255.77
  123.0906     4255.77
  123.1666     4255.77
  123.2226     4255.77
  123.2906     4255.77
  123.3506     4255.77
  123.4106     4255.77
  123.4678     4255.77
  123.5306     4255.77
  123.5858     4255.77
  123.6706     4255.77
  123.7157     4255.77
  123.7706     4255.77
  123.8079     4255.77
  123.9018     4255.77
  123.9617     4255.77
  124.0266     4255.77
  124.0781     4255.77
  124.1386     4255.77
  124.2143     4255.77
  124.3026     4255.77
  124.3728     4255.77
  124.4512     4255.77
  124.5894     4255.77
  124.6907     4255.77
  124.7826     4255.77
  124.8786     4255.77
  124.9666     4255.77
  125.0506     4255.77
  125.1110     4255.77
  125.2026     4255.77
  125.2670     4255.77
  125.3428     4255.77
  125.4125     4255.77
  125.5041     4255.77
  125.5681     4255.77
  125.6306     4255.77
  125.6898     4255.77
  125.7553     4255.77
  125.8421     4255.77
  125.9159     4255.77
  126.0125     4255.77
  126.0762     4255.77
  126.1488     4255.77
  126.2313     4255.77
  126.3085     4255.77
  126.3661     4255.77
  126.4178     4255.77
  126.4799     4255.77
  126.5570     4255.77
  126.6426     4255.77
  126.7106     4255.77
  126.7626     4255.77
  126.8325     4255.77
  126.8930     4255.77
  126.9506     4255.77
  127.0130     4255.77
  127.0761     4255.77
  127.1592     4255.77
  127.2146     4255.77
  127.2911     4255.77
  127.3586     4255.77
  127.4232     4255.77
  127.4846     4255.77
  127.5394     4255.77
  127.6075     4255.77
  127.6626     4255.77
  127.7457     4255.77
  127.8266     4255.77
  127.9146     4255.77
  127.9850     4255.77
  128.0866     4255.77
  128.1506     4255.77
  128.2278     4255.77
  128.3041     4255.77
  128.3586     4255.77
  128.4146     4255.77
  128.4902     4255.77
  128.5746     4255.77
  128.6370     4255.77
  128.7023     4255.77
  128.7666     4255.77
  128.8466     4255.77
  128.9026     4255.77
  128.9626     4255.77
  129.0223     4255.77
  129.0826     4255.77
  129.1374     4255.77
  129.2106     4255.77
  129.2546     4255.77
  129.3186     4255.77
  129.3866     4255.77
  129.4586     4255.77
  129.5466     4255.77
  129.6146     4255.77
  129.7191     4255.77
  129.7682     4255.77
  129.8548     4255.77
  129.9306     4255.77
  129.9906     4255.77
  130.0506     4255.77
  130.1066     4255.77
  130.1746     4255.77
  130.2346     4255.77
  130.2866     4255.77
  130.3392     4255.77
  130.4026     4255.77
  130.4645     4255.77
  130.5546     4255.77
  130.6186     4255.77
  130.6706     4255.77
  130.7466     4255.77
  130.8061     4255.77
  130.8826     4255.77
  130.9863     4255.77
  131.0514     4255.77
  131.1266     4255.77
  131.1946     4255.77
  131.2546     4255.77
  131.3106     4255.77
  131.3708     4255.77
  131.4386     4255.77
  131.4950     4255.77
  131.5466     4255.77
  131.5986     4255.77
  131.6508     4255.77
  131.7346     4255.77
  131.7955     4255.77
  131.8666     4255.77
  131.9306     4255.77
  131.9826     4255.77
  132.0416     4255.77
  132.0986     4255.77
  132.1757     4255.77
  132.2666     4255.77
  132.3736     4255.77
  132.4608     4255.77
  132.5386     4255.77
  132.6109     4255.77
  132.7494     4255.77
  132.8168     4255.77
  132.9361     4255.77
  133.0288     4255.77
  133.1626     4255.77
  133.2506     4255.77
  133.3679     4255.77
  133.4871     4255.77
  133.5826     4255.77
  133.7006     4255.77
  133.7413     4255.77
  133.8370     4255.77
  133.9186     4255.77
  133.9877     4255.77
  134.1026     4255.77
  134.2066     4255.77
  134.3466     4255.77
  134.4530     4255.77
  134.5359     4255.77
  134.6267     4255.77
  134.7477     4255.77
  134.8426     4255.77
  134.9253     4255.77
  135.0026     4255.77
  135.0914     4255.77
  135.1636     4255.77
  135.2645     4255.77
  135.4419     4255.77
  135.5026     4255.77
  135.5535     4255.77
  135.6328     4255.77
  135.7066     4255.77
  136.8907     4255.77
  136.9456     4255.77
  137.0473     4255.77
  137.1675     4255.77
  137.2425     4255.77
  137.3145     4255.77
  137.3823     4255.77
  137.4545     4255.77
  137.5394     4255.77
  137.5999     4255.77
  137.6944     4255.77
  137.7464     4255.77
  137.8344     4255.77
  137.8984     4255.77
  137.9584     4255.77
  137.9994     4255.77
  138.0664     4255.77
  138.1391     4255.77
  138.2009     4255.77
  138.2705     4255.77
  138.3664     4255.77
  138.4424     4255.77
  138.5024     4255.77
  138.5531     4255.77
  138.6184     4255.77
  138.6704     4255.77
  138.7265     4255.77
  138.7881     4255.77
  138.8424     4255.77
  138.8984     4255.77
  138.9787     4255.77
  139.0384     4255.77
  139.0924     4255.77
  139.1824     4255.77
  139.2424     4255.77
  139.3265     4255.77
  139.4047     4255.77
  139.4667     4255.77
  139.5344     4255.77
  139.5865     4255.77
  139.6570     4255.77
  139.7424     4255.77
  139.8224     4255.77
  139.9024     4255.77
  139.9664     4255.77
  140.0745     4255.77
  140.1512     4255.77
  140.3014     4255.77
  140.3984     4255.77
  140.4984     4255.77
  140.5784     4255.77
  140.6975     4255.77
  140.8305     4255.77
  140.9264     4255.77
  141.0227     4255.77
  141.1505     4255.77
  141.2780     4255.77
  141.3610     4255.77
  141.5248     4255.77
  141.5971     4255.77
  141.6683     4255.77
  141.7518     4255.77
  141.8504     4255.77
  141.9264     4255.77
  141.9785     4255.77
  142.0293     4255.77
  142.0841     4255.77
  142.1522     4255.77
  142.2213     4255.77
  142.2984     4255.77
  142.3532     4255.77
  142.4504     4255.77
  142.5278     4255.77
  142.6014     4255.77
  142.6843     4255.77
  142.7767     4255.77
  142.9145     4255.77
  142.9985     4255.77
  143.0756     4255.77
  143.1546     4255.77
  143.2425     4255.77
  143.3114     4255.77
  143.4064     4255.77
  143.4984     4255.77
  143.5660     4255.77
  143.6403     4255.77
  143.7038     4255.77
  143.8052     4255.77
  143.8910     4255.77
  143.9609     4255.77
  144.0357     4255.77
  144.1075     4255.77
  144.1900     4255.77
  144.2400     4255.77
  144.3050     4255.77
  144.3855     4255.77
  144.4905     4255.77
  144.5794     4255.77
  144.6665     4255.77
  144.7363     4255.77
  144.8121     4255.77
  144.9025     4255.77
  144.9635     4255.77
  145.0355     4255.77
  145.1144     4255.77
  145.1828     4255.77
  145.2470     4255.77
  145.3224     4255.77
  145.4224     4255.77
  145.4956     4255.77
  145.5824     4255.77
  145.6424     4255.77
  145.7041     4255.77
  145.7704     4255.77
  145.8471     4255.77
  145.9224     4255.77
  145.9984     4255.77
  146.0621     4255.77
  146.1304     4255.77
  146.2144     4255.77
  146.3064     4255.77
  146.3748     4255.77
  146.4584     4255.77
  146.5464     4255.77
  146.6104     4255.77
  146.6784     4255.77
  146.7488     4255.77
  146.8184     4255.77
  146.8762     4255.77
  146.9318     4255.77
  146.9899     4255.77
  147.0864     4255.77
  147.1520     4255.77
  147.2385     4255.77
  147.3264     4255.77
  147.3796     4255.77
  147.4624     4255.77
  147.5405     4255.77
  147.6111     4255.77
  147.6624     4255.77
  147.7544     4255.77
  147.8104     4255.77
  147.8455     4255.77
  147.9144     4255.77
  147.9704     4255.77
  148.0664     4255.77
  148.1344     4255.77
  148.2066     4255.77
  148.3104     4255.77
  148.4024     4255.77
  148.4413     4255.77
  148.4959     4255.77
  148.5704     4255.77
  148.6464     4255.77
  148.7224     4255.77
  148.7825     4255.77
  148.8522     4255.77
  148.9211     4255.77
  148.9893     4255.77
  149.0412     4255.77
  149.0887     4255.77
  149.1464     4255.77
  149.2285     4255.77
  149.3385     4255.77
  149.3951     4255.77
  149.4652     4255.77
  149.5265     4255.77
  149.5827     4255.77
  149.6424     4255.77
  149.7035     4255.77
  149.7737     4255.77
  149.8429     4255.77
  150.0168     4255.77
  150.1066     4255.77
  150.1879     4255.77
  150.2844     4255.77
  150.3459     4255.77
  150.4552     4255.77
  150.5918     4255.77
  150.6788     4255.77
  150.7753     4255.77
  150.8870     4255.77
  151.0154     4255.77
  151.1569     4255.77
  151.2720     4255.77
  151.3675     4255.77
  151.4408     4255.77
  151.5630     4255.77
  151.6768     4255.77
  151.7905     4255.77
  151.8829     4255.77
  151.9665     4255.77
  152.0547     4255.77
  152.1167     4255.77
  152.1985     4255.77
  152.2704     4255.77
  152.3126     4255.77
  152.3859     4255.77
  152.4914     4255.77
  152.5825     4255.77
  152.6545     4255.77
  152.7305     4255.77
  152.8054     4255.77
  152.9062     4255.77
  153.0100     4255.77
  153.0945     4255.77
  153.1985     4255.77
  153.2498     4255.77
  153.3344     4255.77
  153.4034     4255.77
  153.4891     4255.77
  153.5744     4255.77
  153.6424     4255.77
  153.7185     4255.77
  153.8144     4255.77
  153.9079     4255.77
  153.9834     4255.77
  154.0704     4255.77
  154.1110     4255.77
  154.1984     4255.77
  154.2584     4255.77
  154.3184     4255.77
  154.3704     4255.77
  154.4224     4255.77
  154.5144     4255.77
  154.5864     4255.77
  154.6633     4255.77
  154.7571     4255.77
  154.8305     4255.77
  154.8824     4255.77
  154.9384     4255.77
  154.9895     4255.77
  155.0584     4255.77
  155.1120     4255.77
  155.1944     4255.77
  155.2904     4255.77
  155.3555     4255.77
  155.4585     4255.77
  155.5360     4255.77
  155.6037     4255.77
  155.6497     4255.77
  155.7574     4255.77
  155.9115     4255.77
  156.0531     4255.77
  156.1424     4255.77
  156.2345     4255.77
  156.3465     4255.77
  156.4504     4255.77
  156.5049     4255.77
  156.5544     4255.77
  156.6265     4255.77
  156.7024     4255.77
  156.7897     4255.77
  156.8585     4255.77
  156.9144     4255.77
  156.9797     4255.77
  157.0525     4255.77
  157.1090     4255.77
  157.1634     4255.77
  157.2310     4255.77
  157.2945     4255.77
  157.3483     4255.77
  157.4024     4255.77
  157.4489     4255.77
  157.5205     4255.77
  157.5984     4255.77
  157.6583     4255.77
  157.7258     4255.77
  157.8105     4255.77
  157.8792     4255.77
  157.9665     4255.77
  158.0825     4255.77
  158.2140     4255.77
  158.2905     4255.77
  158.3521     4255.77
  158.4344     4255.77
  158.5037     4255.77
  158.5540     4255.77
  158.6345     4255.77
  158.6753     4255.77
  158.7704     4255.77
  158.8460     4255.77
  158.9444     4255.77
  159.0302     4255.77
  159.1227     4255.77
  159.2905     4255.77
  159.3905     4255.77
  159.5172     4255.77
  159.6471     4255.77
  159.7408     4255.77
  159.8385     4255.77
  159.9265     4255.77
  160.0572     4255.77
  160.1625     4255.77
  160.2449     4255.77
  160.3129     4255.77
  160.3856     4255.77
  160.4729     4255.77
  160.5307     4255.77
  160.5975     4255.77
  160.6865     4255.77
  160.7382     4255.77
  160.8109     4255.77
  160.8713     4255.77
  160.9175     4255.77
  160.9850     4255.77
  161.0790     4255.77
  161.1360     4255.77
  161.2025     4255.77
  161.2923     4255.77
  161.3834     4255.77
  161.4375     4255.77
  161.5105     4255.77
  161.5986     4255.77
  161.6776     4255.77
  161.7427     4255.77
  161.8171     4255.77
  161.8892     4255.77
  161.9784     4255.77
  162.0641     4255.77
  162.1424     4255.77
  162.2201     4255.77
  162.3468     4255.77
  162.4207     4255.77
  162.5184     4255.77
  162.6428     4255.77
  162.8074     4255.77
  162.8879     4255.77
  163.0112     4255.77
  163.1111     4255.77
  163.1944     4255.77
  163.3279     4255.77
  163.4120     4255.77
  163.5040     4255.77
  163.6334     4255.77
  163.7225     4255.77
  163.7840     4255.77
  163.8869     4255.77
  163.9925     4255.77
  164.0987     4255.77
  164.1530     4255.77
  164.2491     4255.77
  164.3282     4255.77
  164.4446     4255.77
  164.5665     4255.77
  164.6864     4255.77
  164.7744     4255.77
  164.8690     4255.77
  164.9786     4255.77
  165.1145     4255.77
  165.1756     4255.77
  165.2911     4255.77
  165.4585     4255.77
  165.5672     4255.77
  165.6483     4255.77
  165.7465     4255.77
  165.8665     4255.77
  166.0013     4255.77
  166.0913     4255.77
  166.2385     4255.77
  166.3150     4255.77
  166.4265     4255.77
  166.5561     4255.77
  166.6402     4255.77
  166.7291     4255.77
  166.8400     4255.77
  166.9161     4255.77
  167.0311     4255.77
  167.1079     4255.77
  167.2185     4255.77
  167.3225     4255.77
  167.4438     4255.77
  167.5273     4255.77
  167.5854     4255.77
  167.7154     4255.77
  167.8025     4255.77
  167.8626     4255.77
  167.9503     4255.77
  168.0647     4255.77
  168.1973     4255.77
  168.3064     4255.77
  168.4185     4255.77
  168.5345     4255.77
  168.6224     4255.77
  168.7135     4255.77
  168.7887     4255.77
  168.8705     4255.77
  168.9265     4255.77
  168.9961     4255.77
  169.0624     4255.77
  169.1047     4255.77
  169.1745     4255.77
  169.2103     4255.77
  169.2745     4255.77
  170.4212     4255.77
  170.5093     4255.77
  170.5615     4255.77
  170.6199     4255.77
  170.6689     4255.77
  170.7288     4255.77
  170.7973     4255.77
  170.8693     4255.77
  170.9373     4255.77
  170.9973     4255.77
  171.0693     4255.77
  171.1309     4255.77
  171.1864     4255.77
  171.2693     4255.77
  171.3352     4255.77
  171.4013     4255.77
  171.4673     4255.77
  171.5167     4255.77
  171.5653     4255.77
  171.6401     4255.77
  171.7053     4255.77
  171.7622     4255.77
  171.8293     4255.77
  171.8813     4255.77
  171.9453     4255.77
  172.0053     4255.77
  172.0853     4255.77
  172.1316     4255.77
  172.2002     4255.77
  172.2436     4255.77
  172.3055     4255.77
  172.3533     4255.77
  172.4293     4255.77
  172.4884     4255.77
  172.5693     4255.77
  172.6373     4255.77
  172.7213     4255.77
  172.7813     4255.77
  172.8733     4255.77
  172.9533     4255.77
  173.0160     4255.77
  173.0720     4255.77
  173.1493     4255.77
  173.2118     4255.77
  173.3079     4255.77
  173.4093     4255.77
  173.5013     4255.77
  173.6093     4255.77
  173.6893     4255.77
  173.7693     4255.77
  173.8293     4255.77
  173.8634     4255.77
  173.9373     4255.77
  174.0008     4255.77
  174.0813     4255.77
  174.1413     4255.77
  174.2154     4255.77
  174.3023     4255.77
  174.3813     4255.77
  174.4853     4255.77
  174.5573     4255.77
  174.6253     4255.77
  174.6877     4255.77
  174.7614     4255.77
  174.8373     4255.77
  174.9173     4255.77
  174.9794     4255.77
  175.0473     4255.77
  175.1213     4255.77
  175.2062     4255.77
  175.3215     4255.77
  175.4093     4255.77
  175.5146     4255.77
  175.6855     4255.77
  175.7275     4255.77
  175.7945     4255.77
  175.8933     4255.77
  175.9740     4255.77
  176.0453     4255.77
  176.1260     4255.77
  176.2300     4255.77
  176.3414     4255.77
  176.3880     4255.77
  176.4555     4255.77
  176.5491     4255.77
  176.6893     4255.77
  176.7828     4255.77
  176.8773     4255.77
  176.9766     4255.77
  177.0837     4255.77
  177.1857     4255.77
  177.3213     4255.77
  177.4023     4255.77
  177.5073     4255.77
  177.5813     4255.77
  177.7374     4255.77
  177.8087     4255.77
  177.9493     4255.77
  178.0227     4255.77
  178.1374     4255.77
  178.2333     4255.77
  178.3070     4255.77
  178.3867     4255.77
  178.4786     4255.77
  178.5173     4255.77
  178.6013     4255.77
  178.6583     4255.77
  178.7423     4255.77
  178.8452     4255.77
  178.9198     4255.77
  179.0373     4255.77
  179.1333     4255.77
  179.1892     4255.77
  179.2780     4255.77
  179.3493     4255.77
  179.4493     4255.77
  179.5578     4255.77
  179.6733     4255.77
  179.7715     4255.77
  179.8385     4255.77
  179.9103     4255.77
  180.0153     4255.77
  180.1197     4255.77
  180.2013     4255.77
  180.3333     4255.77
  180.4020     4255.77
  180.4733     4255.77
  180.5904     4255.77
  180.6390     4255.77
  180.7243     4255.77
  180.7779     4255.77
  180.8630     4255.77
  180.9628     4255.77
  181.0867     4255.77
  181.2341     4255.77
  181.3430     4255.77
  181.4933     4255.77
  181.6093     4255.77
  181.7053     4255.77
  181.8453     4255.77
  181.8850     4255.77
  181.9951     4255.77
  182.0872     4255.77
  182.2275     4255.77
  182.3186     4255.77
  182.3867     4255.77
  182.4777     4255.77
  182.5573     4255.77
  182.6739     4255.77
  182.8061     4255.77
  182.9358     4255.77
  183.0201     4255.77
  183.1437     4255.77
  183.2503     4255.77
  183.3231     4255.77
  183.4410     4255.77
  183.5666     4255.77
  183.6359     4255.77
  183.7509     4255.77
  183.8333     4255.77
  183.8813     4255.77
  183.9909     4255.77
  184.1293     4255.77
  184.2062     4255.77
  184.3413     4255.77
  184.3853     4255.77
  184.5222     4255.77
  184.5933     4255.77
  184.6621     4255.77
  184.7650     4255.77
  184.8590     4255.77
  185.0042     4255.77
  185.1405     4255.77
  185.2573     4255.77
  185.3053     4255.77
  185.3778     4255.77
  185.4854     4255.77
  185.5419     4255.77
  185.6392     4255.77
  185.8098     4255.77
  185.9053     4255.77
  185.9763     4255.77
  186.0854     4255.77
  186.1574     4255.77
  186.3213     4255.77
  186.4920     4255.77
  186.6217     4255.77
  186.7090     4255.77
  186.8693     4255.77
  186.9041     4255.77
  187.1374     4255.77
  187.2093     4255.77
  187.3053     4255.77
  187.4066     4255.77
  187.4499     4255.77
  187.5920     4255.77
  187.6576     4255.77
  187.7533     4255.77
  187.8813     4255.77
  187.9580     4255.77
  188.0213     4255.77
  188.1213     4255.77
  188.2392     4255.77
  188.3235     4255.77
  188.3893     4255.77
  188.4631     4255.77
  188.5373     4255.77
  188.6453     4255.77
  188.7313     4255.77
  188.8110     4255.77
  188.9053     4255.77
  188.9973     4255.77
  189.0580     4255.77
  189.1453     4255.77
  189.2533     4255.77
  189.3611     4255.77
  189.4750     4255.77
  189.5733     4255.77
  189.6308     4255.77
  189.7573     4255.77
  189.8014     4255.77
  189.8672     4255.77
  189.9693     4255.77
  190.0708     4255.77
  190.1466     4255.77
  190.2293     4255.77
  190.3246     4255.77
  190.4229     4255.77
  190.5413     4255.77
  190.6340     4255.77
  190.7193     4255.77
  190.8503     4255.77
  190.9336     4255.77
  190.9973     4255.77
  191.0662     4255.77
  191.1293     4255.77
  191.1962     4255.77
  191.2733     4255.77
  191.3284     4255.77
  191.4253     4255.77
  191.4893     4255.77
  191.5573     4255.77
  191.6716     4255.77
  191.8378     4255.77
  191.9321     4255.77
  192.1024     4255.77
  192.1990     4255.77
  192.2816     4255.77
  192.3312     4255.77
  192.3973     4255.77
  192.4544     4255.77
  192.5333     4255.77
  192.5826     4255.77
  192.6693     4255.77
  192.7215     4255.77
  192.8114     4255.77
  192.8893     4255.77
  192.9515     4255.77
  193.0046     4255.77
  193.0705     4255.77
  193.1413     4255.77
  193.2213     4255.77
  193.3413     4255.77
  193.4453     4255.77
  193.5432     4255.77
  193.6293     4255.77
  193.7173     4255.77
  193.8133     4255.77
  193.8853     4255.77
  193.9613     4255.77
  194.0333     4255.77
  194.1013     4255.77
  194.1915     4255.77
  194.2952     4255.77
  194.4080     4255.77
  194.5584     4255.77
  194.7274     4255.77
  194.8253     4255.77
  194.8933     4255.77
  194.9653     4255.77
  195.0232     4255.77
  195.1187     4255.77
  195.2147     4255.77
  195.3149     4255.77
  195.3900     4255.77
  195.5053     4255.77
  195.5842     4255.77
  195.6573     4255.77
  195.7349     4255.77
  195.8146     4255.77
  195.8936     4255.77
  195.9793     4255.77
  196.0693     4255.77
  196.1302     4255.77
  196.1774     4255.77
  196.2427     4255.77
  196.3135     4255.77
  196.3734     4255.77
  196.4264     4255.77
  196.4726     4255.77
  196.5373     4255.77
  196.5890     4255.77
  196.6773     4255.77
  196.7477     4255.77
  196.8334     4255.77
  196.9053     4255.77
  196.9573     4255.77
  197.0256     4255.77
  197.0917     4255.77
  197.1618     4255.77
  197.2164     4255.77
  197.2708     4255.77
  197.3493     4255.77
  197.4117     4255.77
  197.4973     4255.77
  197.5413     4255.77
  197.6053     4255.77
  197.6796     4255.77
  197.7543     4255.77
  197.8693     4255.77
  197.9478     4255.77
  198.0573     4255.77
  198.1442     4255.77
  198.2265     4255.77
  198.3094     4255.77
  198.3933     4255.77
  198.4734     4255.77
  198.5196     4255.77
  198.5904     4255.77
  198.6573     4255.77
  198.7292     4255.77
  198.8025     4255.77
  198.8852     4255.77
  198.9311     4255.77
  199.0134     4255.77
  199.0713     4255.77
  199.1629     4255.77
  199.2220     4255.77
  199.2826     4255.77
  199.3586     4255.77
  199.4288     4255.77
  199.5136     4255.77
  199.5683     4255.77
  199.6302     4255.77
  199.6936     4255.77
  199.7693     4255.77
  199.8493     4255.77
  199.9146     4255.77
  199.9841     4255.77
  200.0579     4255.77
  200.1216     4255.77
  200.2190     4255.77
  200.3072     4255.77
  200.3561     4255.77
  200.4293     4255.77
  200.5013     4255.77
  200.5853     4255.77
  200.6573     4255.77
  200.7133     4255.77
  200.7773     4255.77
  200.8466     4255.77
  200.9123     4255.77
  200.9766     4255.77
  201.0589     4255.77
  201.1133     4255.77
  201.1778     4255.77
  201.2493     4255.77
  201.2956     4255.77
  201.3853     4255.77
  201.4453     4255.77
  201.4893     4255.77
  201.5333     4255.77
  201.5933     4255.77
  201.6733     4255.77
  201.7173     4255.77
  201.7774     4255.77
  201.8493     4255.77
  201.9194     4255.77
  202.0013     4255.77
  202.0777     4255.77
  202.1733     4255.77
  202.2533     4255.77
  202.3133     4255.77
  202.3717     4255.77
  202.4853     4255.77
  202.5362     4255.77
  202.6133     4255.77
  203.9902     4255.77
  204.0862     4255.77
  204.1400     4255.77
  204.2422     4255.77
  204.2902     4255.77
  204.3490     4255.77
  204.4758     4255.77
  204.5702     4255.77
  204.6662     4255.77
  204.7355     4255.77
  204.7963     4255.77
  204.9182     4255.77
  205.0051     4255.77
  205.1062     4255.77
  205.1943     4255.77
  205.3117     4255.77
  205.3942     4255.77
  205.4650     4255.77
  205.5622     4255.77
  205.6222     4255.77
  205.6782     4255.77
  205.7278     4255.77
  205.7982     4255.77
  205.8740     4255.77
  205.9262     4255.77
  205.9886     4255.77
  206.0436     4255.77
  206.1135     4255.77
  206.1902     4255.77
  206.2662     4255.77
  206.3302     4255.77
  206.4142     4255.77
  206.5142     4255.77
  206.5902     4255.77
  206.6519     4255.77
  206.7062     4255.77
  206.7702     4255.77
  206.8208     4255.77
  206.8965     4255.77
  206.9502     4255.77
  207.0182     4255.77
  207.0728     4255.77
  207.1257     4255.77
  207.1982     4255.77
  207.2513     4255.77
  207.3106     4255.77
  207.3862     4255.77
  207.4513     4255.77
  207.5220     4255.77
  207.5822     4255.77
  207.6416     4255.77
  207.7182     4255.77
  207.7722     4255.77
  207.8235     4255.77
  207.8942     4255.77
  207.9707     4255.77
  208.0622     4255.77
  208.1146     4255.77
  208.2242     4255.77
  208.3189     4255.77
  208.4271     4255.77
  208.5142     4255.77
  208.5782     4255.77
  208.6684     4255.77
  208.7808     4255.77
  208.8843     4255.77
  209.0142     4255.77
  209.1030     4255.77
  209.1762     4255.77
  209.2822     4255.77
  209.3662     4255.77
  209.4542     4255.77
  209.5221     4255.77
  209.6473     4255.77
  209.7234     4255.77
  209.8092     4255.77
  209.9022     4255.77
  209.9862     4255.77
  210.0542     4255.77
  210.1234     4255.77
  210.1996     4255.77
  210.2662     4255.77
  210.3159     4255.77
  210.3942     4255.77
  210.4761     4255.77
  210.5616     4255.77
  210.6451     4255.77
  210.7142     4255.77
  210.7604     4255.77
  210.8342     4255.77
  210.8780     4255.77
  210.9503     4255.77
  211.0182     4255.77
  211.0916     4255.77
  211.1493     4255.77
  211.1952     4255.77
  211.2639     4255.77
  211.3142     4255.77
  211.3982     4255.77
  211.4674     4255.77
  211.5450     4255.77
  211.6423     4255.77
  211.7066     4255.77
  211.7679     4255.77
  211.8542     4255.77
  211.9782     4255.77
  212.1194     4255.77
  212.2459     4255.77
  212.4187     4255.77
  212.5782     4255.77
  212.6724     4255.77
  212.7742     4255.77
  212.8587     4255.77
  212.9382     4255.77
  213.0269     4255.77
  213.0942     4255.77
  213.2270     4255.77
  213.3502     4255.77
  213.4742     4255.77
  213.5382     4255.77
  213.6702     4255.77
  213.7357     4255.77
  213.8142     4255.77
  213.8867     4255.77
  213.9942     4255.77
  214.0546     4255.77
  214.1475     4255.77
  214.2302     4255.77
  214.2936     4255.77
  214.3942     4255.77
  214.4742     4255.77
  214.5622     4255.77
  214.6542     4255.77
  214.7327     4255.77
  214.8502     4255.77
  214.9837     4255.77
  215.0764     4255.77
  215.3582     4255.77
  215.4742     4255.77
  215.5462     4255.77
  215.6808     4255.77
  215.8182     4255.77
  215.9782     4255.77
  216.0512     4255.77
  216.1323     4255.77
  216.2713     4255.77
  216.3408     4255.77
  216.4822     4255.77
  216.5502     4255.77
  216.6085     4255.77
  216.6923     4255.77
  216.7617     4255.77
  216.8244     4255.77
  216.9039     4255.77
  216.9669     4255.77
  217.0636     4255.77
  217.1582     4255.77
  217.2239     4255.77
  217.3062     4255.77
  217.3862     4255.77
  217.4542     4255.77
  217.5087     4255.77
  217.6222     4255.77
  217.6942     4255.77
  217.7606     4255.77
  217.9066     4255.77
  218.0222     4255.77
  218.0943     4255.77
  218.1822     4255.77
  218.2502     4255.77
  218.3262     4255.77
  218.3939     4255.77
  218.4862     4255.77
  218.5343     4255.77
  218.5960     4255.77
  218.7010     4255.77
  218.7805     4255.77
  218.8380     4255.77
  218.9182     4255.77
  218.9710     4255.77
  219.0382     4255.77
  219.0982     4255.77
  219.1521     4255.77
  219.2062     4255.77
  219.2636     4255.77
  219.3662     4255.77
  219.4754     4255.77
  219.5822     4255.77
  219.6502     4255.77
  219.7262     4255.77
  219.8269     4255.77
  219.9413     4255.77
  220.0102     4255.77
  220.0739     4255.77
  220.1422     4255.77
  220.2309     4255.77
  220.3404     4255.77
  220.4182     4255.77
  220.5326     4255.77
  220.6662     4255.77
  220.7582     4255.77
  220.8493     4255.77
  220.9323     4255.77
  221.0102     4255.77
  221.0679     4255.77
  221.1388     4255.77
  221.2223     4255.77
  221.2725     4255.77
  221.3742     4255.77
  221.4422     4255.77
  221.5006     4255.77
  221.5782     4255.77
  221.6407     4255.77
  221.7102     4255.77
  221.7664     4255.77
  221.8382     4255.77
  221.9432     4255.77
  221.9954     4255.77
  222.0822     4255.77
  222.1425     4255.77
  222.2045     4255.77
  222.2692     4255.77
  222.3582     4255.77
  222.4356     4255.77
  222.5022     4255.77
  222.5577     4255.77
  222.6062     4255.77
  222.6862     4255.77
  222.7433     4255.77
  222.8269     4255.77
  222.8902     4255.77
  222.9782     4255.77
  223.0228     4255.77
  223.0982     4255.77
  223.1542     4255.77
  223.2095     4255.77
  223.3182     4255.77
  223.3604     4255.77
  223.4382     4255.77
  223.4959     4255.77
  223.6062     4255.77
  223.6848     4255.77
  223.7582     4255.77
  223.8277     4255.77
  223.8846     4255.77
  223.9942     4255.77
  224.0622     4255.77
  224.1422     4255.77
  224.2425     4255.77
  224.3262     4255.77
  224.3702     4255.77
  224.4280     4255.77
  224.5173     4255.77
  224.6182     4255.77
  224.8102     4255.77
  224.9242     4255.77
  225.0438     4255.77
  225.2025     4255.77
  225.3488     4255.77
  225.4567     4255.77
  225.5407     4255.77
  225.6043     4255.77
  225.6662     4255.77
  225.7425     4255.77
  225.8336     4255.77
  225.9302     4255.77
  226.0208     4255.77
  226.1873     4255.77
  226.3142     4255.77
  226.3988     4255.77
  226.5062     4255.77
  226.5840     4255.77
  226.6902     4255.77
  226.7645     4255.77
  226.8403     4255.77
  226.9262     4255.77
  226.9902     4255.77
  227.0518     4255.77
  227.1343     4255.77
  227.1942     4255.77
  227.2568     4255.77
  227.3222     4255.77
  227.3822     4255.77
  227.4662     4255.77
  227.5332     4255.77
  227.5879     4255.77
  227.6582     4255.77
  227.7234     4255.77
  227.7966     4255.77
  227.8702     4255.77
  227.9177     4255.77
  227.9714     4255.77
  228.0345     4255.77
  228.1032     4255.77
  228.1882     4255.77
  228.2582     4255.77
  228.3302     4255.77
  228.4599     4255.77
  228.6267     4255.77
  228.7342     4255.77
  228.8422     4255.77
  228.9822     4255.77
  229.1948     4255.77
  229.3707     4255.77
  229.4422     4255.77
  229.5648     4255.77
  229.6428     4255.77
  229.7274     4255.77
  229.8404     4255.77
  229.9544     4255.77
  230.0985     4255.77
  230.1756     4255.77
  230.2827     4255.77
  230.3795     4255.77
  230.4622     4255.77
  230.5622     4255.77
  230.6184     4255.77
  230.6982     4255.77
  230.7685     4255.77
  230.8646     4255.77
  230.9204     4255.77
  230.9942     4255.77
  231.0608     4255.77
  231.1342     4255.77
  231.1862     4255.77
  231.2508     4255.77
  231.3146     4255.77
  231.4022     4255.77
  231.5102     4255.77
  231.6302     4255.77
  231.6961     4255.77
  231.7542     4255.77
  231.8302     4255.77
  231.9149     4255.77
  232.0446     4255.77
  232.1622     4255.77
  232.2683     4255.77
  232.3550     4255.77
  232.3942     4255.77
  232.4622     4255.77
  232.5502     4255.77
  232.6306     4255.77
  232.7222     4255.77
  232.8182     4255.77
  232.8782     4255.77
  233.0022     4255.77
  233.0982     4255.77
  233.2483     4255.77
  233.4070     4255.77
  233.4561     4255.77
  233.5433     4255.77
  233.6714     4255.77
  233.7404     4255.77
  233.8230     4255.77
  233.9584     4255.77
  234.1203     4255.77
  234.1880     4255.77
  234.3422     4255.77
  234.4992     4255.77
  234.6382     4255.77
  234.7782     4255.77
  234.9372     4255.77
  235.0742     4255.77
  235.2262     4255.77
  235.3206     4255.77
  235.4568     4255.77
  235.6034     4255.77
  235.6766     4255.77
  235.7702     4255.77
  235.8382     4255.77
  235.9077     4255.77
  235.9902     4255.77
  236.0687     4255.77
  236.1462     4255.77
  237.3405     4255.77
  237.4459     4255.77
  237.5168     4255.77
  237.6400     4255.77
  237.7543     4255.77
  237.9863     4255.77
  238.0863     4255.77
  238.1823     4255.77
  238.3124     4255.77
  238.4103     4255.77
  238.4898     4255.77
  238.5743     4255.77
  238.6523     4255.77
  238.7246     4255.77
  238.8122     4255.77
  238.9104     4255.77
  238.9728     4255.77
  239.0620     4255.77
  239.1463     4255.77
  239.2108     4255.77
  239.2885     4255.77
  239.3583     4255.77
  239.4063     4255.77
  239.4783     4255.77
  239.5389     4255.77
  239.6303     4255.77
  239.6886     4255.77
  239.8232     4255.77
  239.9103     4255.77
  240.0068     4255.77
  240.0999     4255.77
  240.1797     4255.77
  240.2719     4255.77
  240.3263     4255.77
  240.4383     4255.77
  240.5143     4255.77
  240.5790     4255.77
  240.6634     4255.77
  240.7863     4255.77
  240.8771     4255.77
  240.9943     4255.77
  241.1143     4255.77
  241.1842     4255.77
  241.2559     4255.77
  241.3497     4255.77
  241.4463     4255.77
  241.5143     4255.77
  241.6023     4255.77
  241.6739     4255.77
  241.7854     4255.77
  241.8653     4255.77
  241.9954     4255.77
  242.0903     4255.77
  242.2063     4255.77
  242.2864     4255.77
  242.4285     4255.77
  242.5063     4255.77
  242.5714     4255.77
  242.7263     4255.77
  242.8816     4255.77
  242.9623     4255.77
  242.9998     4255.77
  243.0513     4255.77
  243.1217     4255.77
  243.1943     4255.77
  243.2365     4255.77
  243.2794     4255.77
  243.3503     4255.77
  243.4277     4255.77
  243.4952     4255.77
  243.5743     4255.77
  243.6624     4255.77
  243.7583     4255.77
  243.8210     4255.77
  243.9303     4255.77
  244.0063     4255.77
  244.0743     4255.77
  244.1453     4255.77
  244.2243     4255.77
  244.3186     4255.77
  244.4103     4255.77
  244.4666     4255.77
  244.5513     4255.77
  244.6588     4255.77
  244.7517     4255.77
  244.8583     4255.77
  244.9304     4255.77
  245.0343     4255.77
  245.1027     4255.77
  245.1903     4255.77
  245.2663     4255.77
  245.3303     4255.77
  245.4143     4255.77
  245.5129     4255.77
  245.5823     4255.77
  245.6395     4255.77
  245.7223     4255.77
  245.7717     4255.77
  245.8323     4255.77
  245.9103     4255.77
  245.9623     4255.77
  246.0234     4255.77
  246.1103     4255.77
  246.1903     4255.77
  246.2583     4255.77
  246.3503     4255.77
  246.4263     4255.77
  246.4766     4255.77
  246.5623     4255.77
  246.5995     4255.77
  246.6663     4255.77
  246.7294     4255.77
  246.7863     4255.77
  246.8383     4255.77
  246.8863     4255.77
  246.9559     4255.77
  247.0263     4255.77
  247.0663     4255.77
  247.1156     4255.77
  247.1863     4255.77
  247.2903     4255.77
  247.3703     4255.77
  247.4503     4255.77
  247.5545     4255.77
  247.6527     4255.77
  247.8063     4255.77
  247.8815     4255.77
  247.9807     4255.77
  248.0686     4255.77
  248.1930     4255.77
  248.3025     4255.77
  248.3889     4255.77
  248.5665     4255.77
  248.7223     4255.77
  248.8144     4255.77
  248.9404     4255.77
  249.0431     4255.77
  249.1137     4255.77
  249.1783     4255.77
  249.2224     4255.77
  249.3183     4255.77
  249.4001     4255.77
  249.4585     4255.77
  249.5145     4255.77
  249.5592     4255.77
  249.6252     4255.77
  249.7448     4255.77
  249.8920     4255.77
  249.9966     4255.77
  250.0743     4255.77
  250.1503     4255.77
  250.2733     4255.77
  250.3623     4255.77
  250.4206     4255.77
  250.5287     4255.77
  250.6397     4255.77
  250.7703     4255.77
  250.8791     4255.77
  250.9583     4255.77
  251.0383     4255.77
  251.1259     4255.77
  251.2103     4255.77
  251.2863     4255.77
  251.3463     4255.77
  251.4303     4255.77
  251.5016     4255.77
  251.5876     4255.77
  251.7105     4255.77
  251.7829     4255.77
  251.8703     4255.77
  251.9463     4255.77
  252.0224     4255.77
  252.1183     4255.77
  252.2172     4255.77
  252.2863     4255.77
  252.3823     4255.77
  252.4863     4255.77
  252.5863     4255.77
  252.6564     4255.77
  252.7647     4255.77
  252.8978     4255.77
  252.9666     4255.77
  253.0543     4255.77
  253.1832     4255.77
  253.2329     4255.77
  253.3427     4255.77
  253.4012     4255.77
  253.4573     4255.77
  253.5263     4255.77
  253.5949     4255.77
  253.7063     4255.77
  253.7703     4255.77
  253.8663     4255.77
  253.9743     4255.77
  254.0618     4255.77
  254.1907     4255.77
  254.3233     4255.77
  254.4863     4255.77
  254.6190     4255.77
  254.7063     4255.77
  254.8252     4255.77
  254.9474     4255.77
  255.0785     4255.77
  255.1574     4255.77
  255.2438     4255.77
  255.3426     4255.77
  255.4394     4255.77
  255.5063     4255.77
  255.5927     4255.77
  255.6663     4255.77
  255.7281     4255.77
  255.8062     4255.77
  255.8949     4255.77
  255.9823     4255.77
  256.0757     4255.77
  256.1489     4255.77
  256.2423     4255.77
  256.3184     4255.77
  256.3851     4255.77
  256.4438     4255.77
  256.5369     4255.77
  256.6205     4255.77
  256.7398     4255.77
  256.8355     4255.77
  256.9235     4255.77
  257.0383     4255.77
  257.0991     4255.77
  257.1995     4255.77
  257.2875     4255.77
  257.3523     4255.77
  257.4474     4255.77
  257.5215     4255.77
  257.5782     4255.77
  257.6623     4255.77
  257.7059     4255.77
  257.7572     4255.77
  257.8143     4255.77
  257.8901     4255.77
  257.9583     4255.77
  258.0140     4255.77
  258.0932     4255.77
  258.1663     4255.77
  258.2283     4255.77
  258.3063     4255.77
  258.3943     4255.77
  258.4648     4255.77
  258.5446     4255.77
  258.6230     4255.77
  258.6783     4255.77
  258.7532     4255.77
  258.8300     4255.77
  258.9583     4255.77
  259.0323     4255.77
  259.1023     4255.77
  259.1783     4255.77
  259.2264     4255.77
  259.2983     4255.77
  259.3406     4255.77
  259.4223     4255.77
  259.5519     4255.77
  259.7303     4255.77
  259.8563     4255.77
  260.0423     4255.77
  260.1143     4255.77
  260.1823     4255.77
  260.2503     4255.77
  260.3303     4255.77
  260.3910     4255.77
  260.4623     4255.77
  260.5366     4255.77
  260.6037     4255.77
  260.6640     4255.77
  260.7488     4255.77
  260.8095     4255.77
  260.8685     4255.77
  260.9227     4255.77
  260.9783     4255.77
  261.0202     4255.77
  261.0903     4255.77
  261.1543     4255.77
  261.2107     4255.77
  261.2725     4255.77
  261.3503     4255.77
  261.4137     4255.77
  261.4903     4255.77
  261.5500     4255.77
  261.6247     4255.77
  261.7183     4255.77
  261.8023     4255.77
  261.8743     4255.77
  261.9543     4255.77
  262.0263     4255.77
  262.1075     4255.77
  262.1983     4255.77
  262.2824     4255.77
  262.3635     4255.77
  262.4098     4255.77
  262.4736     4255.77
  262.5543     4255.77
  262.6703     4255.77
  262.7546     4255.77
  262.8223     4255.77
  262.9143     4255.77
  262.9823     4255.77
  263.0635     4255.77
  263.1327     4255.77
  263.2273     4255.77
  263.3918     4255.77
  263.5232     4255.77
  263.6628     4255.77
  263.8983     4255.77
  263.9703     4255.77
  264.0455     4255.77
  264.1244     4255.77
  264.2023     4255.77
  264.2807     4255.77
  264.3423     4255.77
  264.4257     4255.77
  264.5171     4255.77
  264.6265     4255.77
  264.8544     4255.77
  264.9903     4255.77
  265.1030     4255.77
  265.2185     4255.77
  265.3023     4255.77
  265.3887     4255.77
  265.5063     4255.77
  265.6028     4255.77
  265.6824     4255.77
  265.7601     4255.77
  265.8383     4255.77
  265.8988     4255.77
  265.9535     4255.77
  266.0183     4255.77
  266.0786     4255.77
  266.1418     4255.77
  266.2236     4255.77
  266.2957     4255.77
  266.3484     4255.77
  266.4232     4255.77
  266.5328     4255.77
  266.6411     4255.77
  266.7383     4255.77
  266.8167     4255.77
  266.8889     4255.77
  266.9670     4255.77
  267.0623     4255.77
  267.1761     4255.77
  267.2623     4255.77
  267.3431     4255.77
  267.4129     4255.77
  267.4908     4255.77
  267.5715     4255.77
  267.6584     4255.77
  267.7423     4255.77
  267.8368     4255.77
  267.9271     4255.77
  268.0423     4255.77
  268.1118     4255.77
  268.2103     4255.77
  268.2943     4255.77
  268.3663     4255.77
  268.4743     4255.77
  268.5558     4255.77
  268.6433     4255.77
  268.7230     4255.77
  268.8103     4255.77
  268.8974     4255.77
  268.9801     4255.77
  269.0672     4255.77
  269.1638     4255.77
  269.2481     4255.77
  269.3468     4255.77
  269.4195     4255.77
  269.5144     4255.77
  271.1390     4255.77
  271.2909     4255.77
  271.4044     4255.77
  271.5050     4255.77
  271.6273     4255.77
  271.7240     4255.77
  271.8442     4255.77
  272.0009     4255.77
  272.1122     4255.77
  272.2682     4255.77
  272.3719     4255.77
  272.4660     4255.77
  272.5480     4255.77
  272.6080     4255.77
  272.6731     4255.77
  272.7344     4255.77
  272.8106     4255.77
  272.9015     4255.77
  272.9575     4255.77
  273.0270     4255.77
  273.1105     4255.77
  273.2167     4255.77
  273.3029     4255.77
  273.3768     4255.77
  273.5343     4255.77
  273.6027     4255.77
  273.6938     4255.77
  273.8018     4255.77
  273.8802     4255.77
  273.9400     4255.77
  274.0257     4255.77
  274.1040     4255.77
  274.1559     4255.77
  274.2360     4255.77
  274.3096     4255.77
  274.3680     4255.77
  274.4360     4255.77
  274.5215     4255.77
  274.6120     4255.77
  274.6875     4255.77
  274.7572     4255.77
  274.8707     4255.77
  274.9690     4255.77
  275.0562     4255.77
  275.1583     4255.77
  275.2572     4255.77
  275.4006     4255.77
  275.4968     4255.77
  275.5999     4255.77
  275.6902     4255.77
  275.7817     4255.77
  275.8544     4255.77
  275.9429     4255.77
  276.0599     4255.77
  276.1319     4255.77
  276.2039     4255.77
  276.3079     4255.77
  276.3974     4255.77
  276.4801     4255.77
  276.5679     4255.77
  276.6384     4255.77
  276.7439     4255.77
  276.8288     4255.77
  276.9119     4255.77
  276.9657     4255.77
  277.0479     4255.77
  277.1199     4255.77
  277.1999     4255.77
  277.2639     4255.77
  277.3599     4255.77
  277.4291     4255.77
  277.5079     4255.77
  277.5679     4255.77
  277.6507     4255.77
  277.7599     4255.77
  277.8799     4255.77
  278.0412     4255.77
  278.1379     4255.77
  278.2679     4255.77
  278.3620     4255.77
  278.4857     4255.77
  278.5711     4255.77
  278.6651     4255.77
  278.7439     4255.77
  278.8027     4255.77
  278.8999     4255.77
  278.9600     4255.77
  279.0439     4255.77
  279.1094     4255.77
  279.2056     4255.77
  279.3222     4255.77
  279.4020     4255.77
  279.4920     4255.77
  279.5600     4255.77
  279.6093     4255.77
  279.6839     4255.77
  279.7359     4255.77
  279.7999     4255.77
  279.8719     4255.77
  279.9439     4255.77
  280.0239     4255.77
  280.0799     4255.77
  280.1359     4255.77
  280.2007     4255.77
  280.2839     4255.77
  280.3680     4255.77
  280.4681     4255.77
  280.5199     4255.77
  280.5612     4255.77
  280.6435     4255.77
  280.7199     4255.77
  280.7919     4255.77
  280.8879     4255.77
  280.9515     4255.77
  281.0401     4255.77
  281.1035     4255.77
  281.2399     4255.77
  281.3519     4255.77
  281.4574     4255.77
  281.5439     4255.77
  281.6519     4255.77
  281.7559     4255.77
  281.8908     4255.77
  281.9743     4255.77
  282.0559     4255.77
  282.1414     4255.77
  282.2202     4255.77
  282.2944     4255.77
  282.3817     4255.77
  282.4919     4255.77
  282.5652     4255.77
  282.6359     4255.77
  282.7559     4255.77
  282.8095     4255.77
  282.8719     4255.77
  282.9439     4255.77
  282.9999     4255.77
  283.0559     4255.77
  283.1319     4255.77
  283.1899     4255.77
  283.2559     4255.77
  283.3159     4255.77
  283.3979     4255.77
  283.4839     4255.77
  283.5599     4255.77
  283.6137     4255.77
  283.6959     4255.77
  283.7497     4255.77
  283.8383     4255.77
  283.9159     4255.77
  283.9999     4255.77
  284.0513     4255.77
  284.1199     4255.77
  284.1678     4255.77
  284.2319     4255.77
  284.2867     4255.77
  284.3574     4255.77
  284.4119     4255.77
  284.4599     4255.77
  284.5236     4255.77
  284.5751     4255.77
  284.6359     4255.77
  284.7039     4255.77
  284.7759     4255.77
  284.8255     4255.77
  284.8799     4255.77
  284.9359     4255.77
  284.9919     4255.77
  285.0599     4255.77
  285.1319     4255.77
  285.1959     4255.77
  285.2771     4255.77
  285.3343     4255.77
  285.4119     4255.77
  285.4799     4255.77
  285.5435     4255.77
  285.6399     4255.77
  285.7065     4255.77
  285.7726     4255.77
  285.8768     4255.77
  285.9679     4255.77
  286.0562     4255.77
  286.1267     4255.77
  286.2182     4255.77
  286.3461     4255.77
  286.4021     4255.77
  286.4800     4255.77
  286.5594     4255.77
  286.6439     4255.77
  286.7279     4255.77
  286.7811     4255.77
  286.8841     4255.77
  286.9679     4255.77
  287.0359     4255.77
  287.1039     4255.77
  287.1599     4255.77
  287.2401     4255.77
  287.3519     4255.77
  287.4032     4255.77
  287.4639     4255.77
  287.5399     4255.77
  287.5919     4255.77
  287.6439     4255.77
  287.7079     4255.77
  287.7572     4255.77
  287.8559     4255.77
  287.9239     4255.77
  288.0412     4255.77
  288.1759     4255.77
  288.2488     4255.77
  288.3279     4255.77
  288.3959     4255.77
  288.4999     4255.77
  288.5799     4255.77
  288.6301     4255.77
  288.7399     4255.77
  288.8173     4255.77
  288.9199     4255.77
  288.9845     4255.77
  289.0759     4255.77
  289.1439     4255.77
  289.2199     4255.77
  289.2919     4255.77
  289.3409     4255.77
  289.4792     4255.77
  289.6159     4255.77
  289.6999     4255.77
  289.7679     4255.77
  289.8279     4255.77
  289.9039     4255.77
  289.9582     4255.77
  290.0241     4255.77
  290.0807     4255.77
  290.1399     4255.77
  290.1856     4255.77
  290.2519     4255.77
  290.2892     4255.77
  290.3839     4255.77
  290.4319     4255.77
  290.4847     4255.77
  290.5719     4255.77
  290.6195     4255.77
  290.7319     4255.77
  290.7757     4255.77
  290.8644     4255.77
  290.9293     4255.77
  291.0024     4255.77
  291.0857     4255.77
  291.1869     4255.77
  291.2843     4255.77
  291.3599     4255.77
  291.4336     4255.77
  291.5008     4255.77
  291.5719     4255.77
  291.6519     4255.77
  291.7319     4255.77
  291.7959     4255.77
  291.8959     4255.77
  291.9445     4255.77
  292.0319     4255.77
  292.1301     4255.77
  292.2207     4255.77
  292.3094     4255.77
  292.4439     4255.77
  292.5426     4255.77
  292.6987     4255.77
  292.7825     4255.77
  292.8559     4255.77
  292.9439     4255.77
  293.0842     4255.77
  293.1481     4255.77
  293.2719     4255.77
  293.3139     4255.77
  293.4199     4255.77
  293.5079     4255.77
  293.5999     4255.77
  293.6652     4255.77
  293.7538     4255.77
  293.8233     4255.77
  293.9039     4255.77
  293.9652     4255.77
  294.0519     4255.77
  294.1052     4255.77
  294.1937     4255.77
  294.2919     4255.77
  294.3879     4255.77
  294.4599     4255.77
  294.5159     4255.77
  294.5752     4255.77
  294.6561     4255.77
  294.7719     4255.77
  294.8988     4255.77
  294.9778     4255.77
  295.0839     4255.77
  295.1413     4255.77
  295.2056     4255.77
  295.3199     4255.77
  295.4163     4255.77
  295.5199     4255.77
  295.6639     4255.77
  295.7248     4255.77
  295.8239     4255.77
  295.8944     4255.77
  296.0359     4255.77
  296.1879     4255.77
  296.2570     4255.77
  296.3399     4255.77
  296.4186     4255.77
  296.5199     4255.77
  296.5858     4255.77
  296.6564     4255.77
  296.7142     4255.77
  296.7755     4255.77
  296.8319     4255.77
  296.8768     4255.77
  296.9519     4255.77
  297.0359     4255.77
  297.0879     4255.77
  297.1559     4255.77
  297.2279     4255.77
  297.2839     4255.77
  297.3383     4255.77
  297.4119     4255.77
  297.4799     4255.77
  297.5388     4255.77
  297.6093     4255.77
  297.7121     4255.77
  297.7619     4255.77
  297.8413     4255.77
  297.8890     4255.77
  297.9679     4255.77
  298.0254     4255.77
  298.0905     4255.77
  298.1624     4255.77
  298.2559     4255.77
  298.3384     4255.77
  298.4319     4255.77
  298.5280     4255.77
  298.6262     4255.77
  298.7199     4255.77
  298.7689     4255.77
  298.8399     4255.77
  298.8959     4255.77
  298.9819     4255.77
  299.0839     4255.77
  299.1639     4255.77
  299.2599     4255.77
  299.3292     4255.77
  299.3986     4255.77
  299.4639     4255.77
  299.5066     4255.77
  299.5799     4255.77
  299.6278     4255.77
  299.7039     4255.77
  299.7599     4255.77
  299.8342     4255.77
  299.9108     4255.77
  299.9918     4255.77
  300.0511     4255.77
