    0.1046     4449.25
    0.1391     4449.25
    0.2007     4449.25
    0.2444     4449.25
    0.3074     4449.25
    0.3906     4449.25
    0.4449     4449.25
    0.5221     4449.25
    0.5826     4449.25
    0.6366     4449.25
    0.7055     4449.25
    0.8152     4449.25
    0.9151     4449.25
    0.9807     4449.25
    1.0452     4449.25
    1.0888     4449.25
    1.1487     4449.25
    1.2007     4449.25
    1.2589     4449.25
    1.3447     4449.25
    1.4407     4449.25
    1.5447     4449.25
    1.6455     4449.25
    1.7407     4449.25
    1.7967     4449.25
    1.8614     4449.25
    1.9461     4449.25
    2.0304     4449.25
    2.1247     4449.25
    2.2049     4449.25
    2.3007     4449.25
    2.3614     4449.25
    2.4538     4449.25
    2.4959     4449.25
    2.5686     4449.25
    2.6286     4449.25
    2.7215     4449.25
    2.7860     4449.25
    2.8489     4449.25
    2.9264     4449.25
    3.0287     4449.25
    3.0743     4449.25
    3.1573     4449.25
    3.2265     4449.25
    3.3127     4449.25
    3.3847     4449.25
    3.4434     4449.25
    3.5133     4449.25
    3.5847     4449.25
    3.6092     4449.25
    5.2822     4449.25
    5.3838     4449.25
    5.4685     4449.25
    5.5074     4449.25
    5.6038     4449.25
    5.6693     4449.25
    5.7367     4449.25
    5.7981     4449.25
    5.8500     4449.25
    5.8947     4449.25
    5.9598     4449.25
    6.0422     4449.25
    6.1244     4449.25
    6.2408     4449.25
    6.2888     4449.25
    6.3623     4449.25
    6.4258     4449.25
    6.4783     4449.25
    6.5598     4449.25
    6.6398     4449.25
    6.7537     4449.25
    6.8125     4449.25
    6.9015     4449.25
    6.9597     4449.25
    7.0161     4449.25
    7.0994     4449.25
    7.1683     4449.25
    7.2039     4449.25
    7.3346     4449.25
    7.4173     4449.25
    7.4838     4449.25
    7.5316     4449.25
    7.5958     4449.25
    7.6357     4449.25
    7.7140     4449.25
    7.7956     4449.25
    7.8374     4449.25
    7.8774     4449.25
    7.9356     4449.25
    8.0179     4449.25
    8.1178     4449.25
    8.1900     4449.25
    8.2621     4449.25
    8.3731     4449.25
    8.4238     4449.25
    8.4860     4449.25
    8.6006     4449.25
    8.6759     4449.25
    8.7267     4449.25
    8.7918     4449.25
    8.8627     4449.25
    8.9318     4449.25
    9.0198     4449.25
    9.0855     4449.25
    9.1359     4449.25
    9.1838     4449.25
    9.2327     4449.25
    9.2982     4449.25
    9.3678     4449.25
    9.4878     4449.25
    9.5598     4449.25
    9.6358     4449.25
    9.6918     4449.25
    9.7638     4449.25
    9.8263     4449.25
    9.8816     4449.25
    9.9598     4449.25
   10.0408     4449.25
   10.0941     4449.25
   10.1918     4449.25
   10.2318     4449.25
   10.2883     4449.25
   10.3646     4449.25
   10.4318     4449.25
   10.4758     4449.25
   10.5414     4449.25
   10.5916     4449.25
   10.6313     4449.25
   10.6958     4449.25
   10.7204     4449.25
   10.7903     4449.25
   10.8598     4449.25
   10.9158     4449.25
   10.9798     4449.25
   11.0537     4449.25
   11.1358     4449.25
   11.2078     4449.25
   11.2358     4449.25
   11.2958     4449.25
   11.3678     4449.25
   11.4718     4449.25
   11.5113     4449.25
   11.5620     4449.25
   11.6158     4449.25
   11.6511     4449.25
   11.7078     4449.25
   11.7686     4449.25
   11.8278     4449.25
   11.8843     4449.25
   11.9278     4449.25
   11.9964     4449.25
   12.0696     4449.25
   12.1358     4449.25
   12.1592     4449.25
   12.2118     4449.25
   12.2893     4449.25
   12.3518     4449.25
   12.3795     4449.25
   12.4363     4449.25
   12.5438     4449.25
   12.6012     4449.25
   12.6811     4449.25
   12.7638     4449.25
   12.8095     4449.25
   12.8739     4449.25
   12.9398     4449.25
   13.0358     4449.25
   13.1210     4449.25
   13.1473     4449.25
   13.2078     4449.25
   13.2798     4449.25
   13.3655     4449.25
   13.4118     4449.25
   13.4798     4449.25
   13.5438     4449.25
   13.5983     4449.25
   13.6482     4449.25
   13.7161     4449.25
   13.7800     4449.25
   13.8338     4449.25
   13.9324     4449.25
   14.0238     4449.25
   14.0958     4449.25
   14.1456     4449.25
   14.2174     4449.25
   14.3238     4449.25
   14.4044     4449.25
   14.4810     4449.25
   14.5600     4449.25
   14.6318     4449.25
   14.7038     4449.25
   14.7534     4449.25
   14.8294     4449.25
   14.8774     4449.25
   14.9518     4449.25
   15.0681     4449.25
   15.1295     4449.25
   15.1929     4449.25
   15.2442     4449.25
   15.2918     4449.25
   15.3838     4449.25
   15.4619     4449.25
   15.5501     4449.25
   15.6398     4449.25
   15.7438     4449.25
   15.8075     4449.25
   15.8718     4449.25
   15.9248     4449.25
   15.9958     4449.25
   16.0087     4449.25
   16.0638     4449.25
   16.1290     4449.25
   16.2058     4449.25
   16.2638     4449.25
   16.3365     4449.25
   16.4212     4449.25
   16.5502     4449.25
   16.6140     4449.25
   16.6838     4449.25
   16.7398     4449.25
   16.8038     4449.25
   16.8598     4449.25
   16.9333     4449.25
   17.0278     4449.25
   17.0998     4449.25
   17.1473     4449.25
   17.2118     4449.25
   17.2798     4449.25
   17.3257     4449.25
   17.3741     4449.25
   17.4278     4449.25
   17.4678     4449.25
   17.5198     4449.25
   17.5718     4449.25
   17.6078     4449.25
   17.6638     4449.25
   17.7103     4449.25
   17.7718     4449.25
   17.8398     4449.25
   17.8958     4449.25
   18.0041     4449.25
   18.0758     4449.25
   18.1278     4449.25
   18.1929     4449.25
   18.2751     4449.25
   18.3718     4449.25
   18.4598     4449.25
   18.5078     4449.25
   18.5598     4449.25
   18.6639     4449.25
   18.7103     4449.25
   18.7434     4449.25
   18.8238     4449.25
   18.9239     4449.25
   18.9958     4449.25
   19.0558     4449.25
   19.1798     4449.25
   19.2438     4449.25
   19.2998     4449.25
   19.3838     4449.25
   19.4693     4449.25
   19.5518     4449.25
   19.6083     4449.25
   19.6718     4449.25
   19.7758     4449.25
   19.8198     4449.25
   19.8643     4449.25
   19.9282     4449.25
   19.9958     4449.25
   20.0598     4449.25
   20.1325     4449.25
   20.1958     4449.25
   20.2686     4449.25
   20.3183     4449.25
   20.4398     4449.25
   20.5243     4449.25
   20.5637     4449.25
   20.6125     4449.25
   20.6718     4449.25
   20.7296     4449.25
   20.7963     4449.25
   20.8498     4449.25
   20.9341     4449.25
   21.0177     4449.25
   21.0836     4449.25
   21.1416     4449.25
   21.1813     4449.25
   21.2457     4449.25
   21.3052     4449.25
   21.3878     4449.25
   21.4735     4449.25
   21.5598     4449.25
   21.6288     4449.25
   21.6812     4449.25
   21.7639     4449.25
   21.8564     4449.25
   21.9158     4449.25
   21.9895     4449.25
   22.0438     4449.25
   22.1078     4449.25
   22.1518     4449.25
   22.1987     4449.25
   22.2542     4449.25
   22.3118     4449.25
   22.3589     4449.25
   22.4078     4449.25
   22.4652     4449.25
   22.5180     4449.25
   22.5758     4449.25
   22.6238     4449.25
   22.6829     4449.25
   22.7364     4449.25
   22.7878     4449.25
   22.8336     4449.25
   22.8879     4449.25
   22.9240     4449.25
   22.9677     4449.25
   23.0278     4449.25
   23.1015     4449.25
   23.1518     4449.25
   23.1967     4449.25
   23.2718     4449.25
   23.3485     4449.25
   23.4038     4449.25
   23.4635     4449.25
   23.5118     4449.25
   23.5608     4449.25
   23.6318     4449.25
   23.6798     4449.25
   23.7261     4449.25
   23.8758     4449.25
   23.9432     4449.25
   23.9921     4449.25
   24.0479     4449.25
   24.1078     4449.25
   24.1732     4449.25
   24.2305     4449.25
   24.2918     4449.25
   24.3490     4449.25
   24.4019     4449.25
   24.4589     4449.25
   24.5180     4449.25
   24.5992     4449.25
   24.6558     4449.25
   24.7090     4449.25
   24.7874     4449.25
   24.8678     4449.25
   24.9198     4449.25
   24.9798     4449.25
   25.0470     4449.25
   25.1066     4449.25
   25.1718     4449.25
   25.2238     4449.25
   25.2918     4449.25
   25.3398     4449.25
   25.3998     4449.25
   25.4598     4449.25
   25.5101     4449.25
   25.5798     4449.25
   25.6398     4449.25
   25.7038     4449.25
   25.7583     4449.25
   25.8318     4449.25
   25.8878     4449.25
   25.9438     4449.25
   26.0011     4449.25
   26.0489     4449.25
   26.1078     4449.25
   26.1472     4449.25
   26.2078     4449.25
   26.2598     4449.25
   26.3146     4449.25
   26.3638     4449.25
   26.4078     4449.25
   26.4638     4449.25
   26.5228     4449.25
   26.5838     4449.25
   26.6245     4449.25
   26.6603     4449.25
   26.7278     4449.25
   26.7645     4449.25
   26.8398     4449.25
   26.8958     4449.25
   26.9518     4449.25
   26.9981     4449.25
   27.0530     4449.25
   27.1120     4449.25
   27.1562     4449.25
   27.2019     4449.25
   27.2598     4449.25
   27.3048     4449.25
   27.3678     4449.25
   27.4198     4449.25
   27.4572     4449.25
   27.5100     4449.25
   27.5638     4449.25
   27.5852     4449.25
   27.6518     4449.25
   27.7136     4449.25
   27.7638     4449.25
   27.8118     4449.25
   27.8798     4449.25
   27.9364     4449.25
   28.0038     4449.25
   28.0696     4449.25
   28.1198     4449.25
   28.1878     4449.25
   28.2513     4449.25
   28.3078     4449.25
   28.3558     4449.25
   28.3985     4449.25
   28.4638     4449.25
   28.5238     4449.25
   28.5798     4449.25
   28.6248     4449.25
   28.6718     4449.25
   28.7358     4449.25
   28.8234     4449.25
   28.9174     4449.25
   29.0348     4449.25
   29.1248     4449.25
   29.2033     4449.25
   29.2875     4449.25
   29.4167     4449.25
   29.4971     4449.25
   29.5559     4449.25
   29.6297     4449.25
   29.7369     4449.25
   29.8220     4449.25
   29.9174     4449.25
   30.0140     4449.25
   30.1206     4449.25
   30.1893     4449.25
   30.2639     4449.25
   30.3254     4449.25
   30.4238     4449.25
   30.5278     4449.25
   30.6164     4449.25
   30.6773     4449.25
   30.7574     4449.25
   30.8318     4449.25
   30.8996     4449.25
   30.9918     4449.25
   31.0559     4449.25
   31.1321     4449.25
   31.1798     4449.25
   31.2099     4449.25
   31.2978     4449.25
   31.3574     4449.25
   31.4203     4449.25
   31.5058     4449.25
   31.5729     4449.25
   31.6346     4449.25
   31.7190     4449.25
   31.8156     4449.25
   31.9118     4449.25
   32.0038     4449.25
   32.0872     4449.25
   32.1576     4449.25
   32.2306     4449.25
   32.2998     4449.25
   32.3487     4449.25
   32.4074     4449.25
   32.4552     4449.25
   32.5059     4449.25
   32.5850     4449.25
   32.6314     4449.25
   32.6856     4449.25
   32.7478     4449.25
   32.8099     4449.25
   32.9038     4449.25
   32.9798     4449.25
   33.0638     4449.25
   33.1318     4449.25
   33.1975     4449.25
   33.2689     4449.25
   33.3191     4449.25
   33.4004     4449.25
   33.4718     4449.25
   33.5149     4449.25
   33.5798     4449.25
   33.6249     4449.25
   33.6907     4449.25
   33.7678     4449.25
   33.8438     4449.25
   33.8918     4449.25
   33.9358     4449.25
   33.9798     4449.25
   34.0358     4449.25
   34.0918     4449.25
   34.1678     4449.25
   34.2349     4449.25
   34.2958     4449.25
   34.3543     4449.25
   34.4121     4449.25
   34.4758     4449.25
   34.5296     4449.25
   34.5798     4449.25
   34.6358     4449.25
   34.6838     4449.25
   34.7172     4449.25
   34.7696     4449.25
   34.8474     4449.25
   34.9078     4449.25
   34.9518     4449.25
   34.9998     4449.25
   35.0452     4449.25
   35.1118     4449.25
   35.1490     4449.25
   35.2038     4449.25
   35.2482     4449.25
   35.2958     4449.25
   35.3515     4449.25
   35.3998     4449.25
   35.4398     4449.25
   35.4913     4449.25
   35.5518     4449.25
   35.6038     4449.25
   35.6505     4449.25
   35.6998     4449.25
   35.7478     4449.25
   35.7981     4449.25
   35.8510     4449.25
   35.9238     4449.25
   35.9838     4449.25
   36.0398     4449.25
   36.1162     4449.25
   36.1838     4449.25
   36.2358     4449.25
   36.2798     4449.25
   36.3718     4449.25
   36.4278     4449.25
   36.4749     4449.25
   36.5358     4449.25
   36.5918     4449.25
   36.6358     4449.25
   36.6816     4449.25
   36.7478     4449.25
   36.8001     4449.25
   36.8649     4449.25
   36.9398     4449.25
   36.9958     4449.25
   37.0638     4449.25
   37.1188     4449.25
   37.1666     4449.25
   37.2238     4449.25
   37.2660     4449.25
   37.3378     4449.25
   37.4055     4449.25
   37.4714     4449.25
   38.8130     4449.25
   38.8610     4449.25
   38.9250     4449.25
   38.9978     4449.25
   39.0970     4449.25
   39.1890     4449.25
   39.2896     4449.25
   39.3596     4449.25
   39.4210     4449.25
   39.5090     4449.25
   39.5936     4449.25
   39.6707     4449.25
   39.7357     4449.25
   39.8450     4449.25
   39.9090     4449.25
   39.9690     4449.25
   40.0025     4449.25
   40.0630     4449.25
   40.1530     4449.25
   40.2471     4449.25
   40.3250     4449.25
   40.3890     4449.25
   40.4770     4449.25
   40.5730     4449.25
   40.6455     4449.25
   40.6975     4449.25
   40.8272     4449.25
   41.0090     4449.25
   41.0884     4449.25
   41.2170     4449.25
   41.2850     4449.25
   41.3441     4449.25
   41.4210     4449.25
   41.4967     4449.25
   41.5770     4449.25
   41.6394     4449.25
   41.7170     4449.25
   41.7745     4449.25
   41.8279     4449.25
   41.9010     4449.25
   41.9552     4449.25
   42.0534     4449.25
   42.1267     4449.25
   42.2067     4449.25
   42.2930     4449.25
   42.3432     4449.25
   42.4312     4419.22
   42.5574     4419.22
   42.6250     4419.22
   42.6618     4419.22
   42.7143     4419.22
   42.8490     4419.22
   42.9062     4419.22
   42.9449     4419.22
   43.0173     4419.22
   43.1010     4419.22
   43.1970     4419.22
   43.3210     4419.22
   43.3690     4419.22
   43.4513     4419.22
   43.5232     4419.22
   43.5770     4419.22
   43.6694     4419.22
   43.7410     4419.22
   43.8034     4419.22
   43.8810     4419.22
   43.9853     4419.22
   44.0672     4419.22
   44.1570     4419.22
   44.2290     4419.22
   44.2835     4419.22
   44.3490     4419.22
   44.4100     4419.22
   44.4676     4419.22
   44.5235     4419.22
   44.5690     4419.22
   44.6650     4419.22
   44.7047     4419.22
   44.7602     4419.22
   44.8090     4419.22
   44.8570     4419.22
   44.9370     4419.22
   44.9786     4419.22
   45.0337     4419.22
   45.1130     4419.22
   45.1648     4419.22
   45.2290     4419.22
   45.3050     4419.22
   45.3537     4419.22
   45.4090     4419.22
   45.4651     4419.22
   45.5330     4419.22
   45.5970     4419.22
   45.6490     4419.22
   45.6941     4419.22
   45.7376     4419.22
   45.8050     4419.22
   45.8436     4419.22
   45.9010     4419.22
   45.9610     4419.22
   46.0130     4419.22
   46.0518     4419.22
   46.1221     4419.22
   46.1970     4419.22
   46.2567     4419.22
   46.3130     4419.22
   46.3671     4419.22
   46.4330     4419.22
   46.4850     4419.22
   46.5310     4419.22
   46.5930     4419.22
   46.6374     4419.22
   46.7090     4419.22
   46.7530     4419.22
   46.7874     4419.22
   46.8567     4419.22
   46.9250     4419.22
   46.9772     4419.22
   47.0250     4419.22
   47.0730     4419.22
   47.1170     4419.22
   47.1650     4419.22
   47.2098     4419.22
   47.2770     4419.22
   47.3353     4419.22
   47.4027     4419.22
   47.4567     4419.22
   47.5170     4419.22
   47.5736     4419.22
   47.6311     4419.22
   47.6947     4419.22
   47.7690     4419.22
   47.8126     4419.22
   47.8715     4419.22
   47.9333     4419.22
   47.9925     4419.22
   48.0490     4419.22
   48.1036     4419.22
   48.1823     4419.22
   48.2473     4419.22
   48.3450     4419.22
   48.4157     4419.22
   48.4640     4419.22
   48.5250     4419.22
   48.5687     4419.22
   48.6464     4419.22
   48.7256     4419.22
   48.7687     4419.22
   48.8420     4419.22
   48.9045     4419.22
   48.9696     4419.22
   49.0412     4419.22
   49.1250     4419.22
   49.2050     4419.22
   49.2690     4419.22
   49.3530     4419.22
   49.4170     4419.22
   49.4711     4419.22
   49.5427     4419.22
   49.5859     4419.22
   49.6659     4419.22
   49.7355     4419.22
   49.8020     4419.22
   49.8512     4419.22
   49.9182     4419.22
   49.9794     4419.22
   50.0650     4419.22
   50.1292     4419.22
   50.2452     4419.22
   50.3228     4419.22
   50.3890     4419.22
   50.4490     4419.22
   50.5050     4419.22
   50.5575     4419.22
   50.6210     4419.22
   50.6810     4419.22
   50.7378     4419.22
   50.8050     4419.22
   50.8596     4419.22
   50.9291     4419.22
   50.9890     4419.22
   51.0411     4419.22
   51.1050     4419.22
   51.1490     4419.22
   51.2021     4419.22
   51.2570     4419.22
   51.3210     4419.22
   51.3731     4419.22
   51.4290     4419.22
   51.4778     4419.22
   51.5370     4419.22
   51.5705     4419.22
   51.6261     4419.22
   51.6930     4419.22
   51.7490     4419.22
   51.8010     4419.22
   51.8730     4419.22
   51.9133     4419.22
   51.9850     4419.22
   52.0211     4419.22
   52.0895     4419.22
   52.1410     4419.22
   52.1850     4419.22
   52.2370     4419.22
   52.3130     4419.22
   52.3540     4419.22
   52.4090     4419.22
   52.4634     4419.22
   52.5234     4419.22
   52.5930     4419.22
   52.6374     4419.22
   52.6930     4419.22
   52.7297     4419.22
   52.7937     4419.22
   52.8530     4419.22
   52.8930     4419.22
   52.9570     4419.22
   53.0290     4419.22
   53.0620     4419.22
   53.1170     4419.22
   53.1582     4419.22
   53.2130     4419.22
   53.2570     4419.22
   53.3130     4419.22
   53.3570     4419.22
   53.4290     4419.22
   53.4970     4419.22
   53.5424     4419.22
   53.5970     4419.22
   53.6610     4419.22
   53.7330     4419.22
   53.8130     4419.22
   53.8778     4419.22
   53.9650     4419.22
   54.0250     4419.22
   54.0820     4419.22
   54.1177     4419.22
   54.1930     4419.22
   54.2563     4419.22
   54.3365     4419.22
   54.4050     4419.22
   54.4841     4419.22
   54.5755     4419.22
   54.6701     4419.22
   54.7258     4419.22
   54.8196     4419.22
   54.8752     4419.22
   54.9370     4419.22
   54.9797     4419.22
   55.0410     4419.22
   55.0891     4419.22
   55.1478     4419.22
   55.2185     4419.22
   55.2586     4419.22
   55.3130     4419.22
   55.3850     4419.22
   55.4505     4419.22
   55.5009     4419.22
   55.5490     4419.22
   55.5930     4419.22
   55.6533     4419.22
   55.7305     4419.22
   55.7930     4419.22
   55.8446     4419.22
   55.9061     4419.22
   55.9562     4419.22
   56.0338     4419.22
   56.0689     4419.22
   56.1290     4419.22
   56.1838     4419.22
   56.2370     4419.22
   56.3130     4419.22
   56.3494     4419.22
   56.4050     4419.22
   56.4610     4419.22
   56.5217     4419.22
   56.5770     4419.22
   56.6341     4419.22
   56.6930     4419.22
   56.7495     4419.22
   56.8148     4419.22
   56.9135     4419.22
   56.9730     4419.22
   57.0296     4419.22
   57.1370     4419.22
   57.1890     4419.22
   57.2373     4419.22
   57.3004     4419.22
   57.3672     4419.22
   57.4337     4419.22
   57.5200     4419.22
   57.6430     4419.22
   57.7139     4419.22
   57.7610     4419.22
   57.8351     4419.22
   57.9250     4419.22
   57.9752     4419.22
   58.0359     4419.22
   58.1152     4419.22
   58.1756     4419.22
   58.2280     4419.22
   58.2890     4419.22
   58.3410     4419.22
   58.4158     4419.22
   58.5090     4419.22
   58.5650     4419.22
   58.6410     4419.22
   58.7730     4419.22
   58.8759     4419.22
   58.9210     4419.22
   58.9992     4419.22
   59.0650     4419.22
   59.1383     4419.22
   59.2010     4419.22
   59.2698     4419.22
   59.3617     4419.22
   59.4260     4419.22
   59.4730     4419.22
   59.5233     4419.22
   59.5986     4419.22
   59.6850     4419.22
   59.7530     4419.22
   59.8254     4258.02
   59.9250     4258.02
   59.9736     4258.02
   60.0530     4258.02
   60.1094     4258.02
   60.2073     4258.02
   60.2770     4258.02
   60.3294     4258.02
   60.3858     4258.02
   60.4450     4258.02
   60.5016     4258.02
   60.5650     4258.02
   60.6048     4258.02
   60.6711     4258.02
   60.7370     4258.02
   60.7953     4258.02
   60.8570     4258.02
   60.9409     4258.02
   61.0173     4258.02
   61.0839     4258.02
   61.1650     4258.02
   61.2103     4258.02
   61.2650     4258.02
   61.3170     4258.02
   61.4090     4258.02
   61.4810     4258.02
   61.5410     4258.02
   61.6330     4258.02
   61.6830     4258.02
   61.7690     4258.02
   61.8582     4258.02
   61.9429     4258.02
   61.9987     4258.02
   62.0874     4258.02
   62.1410     4258.02
   62.2250     4258.02
   62.2913     4258.02
   62.3823     4258.02
   62.4491     4258.02
   62.4987     4258.02
   62.5517     4258.02
   62.6290     4258.02
   62.7010     4258.02
   62.7690     4258.02
   62.8650     4258.02
   62.9240     4258.02
   62.9763     4258.02
   63.0410     4258.02
   63.1210     4258.02
   63.1970     4258.02
   63.2490     4258.02
   63.3290     4258.02
   63.3977     4258.02
   63.4673     4258.02
   63.5837     4258.02
   63.6465     4258.02
   63.7100     4258.02
   63.7675     4258.02
   63.8518     4258.02
   63.9387     4258.02
   64.0399     4258.02
   64.1090     4258.02
   64.1970     4258.02
   64.2420     4258.02
   64.3457     4258.02
   64.4637     4258.02
   64.5326     4258.02
   64.6089     4258.02
   64.6814     4258.02
   64.7610     4258.02
   64.8242     4258.02
   64.9473     4258.02
   65.0416     4258.02
   65.1388     4258.02
   65.2555     4258.02
   65.3650     4258.02
   65.4376     4258.02
   65.4909     4258.02
   65.5761     4258.02
   65.6341     4258.02
   65.7621     4258.02
   65.8516     4258.02
   65.9490     4258.02
   66.0103     4258.02
   66.1173     4258.02
   66.2450     4258.02
   66.3170     4258.02
   66.3863     4258.02
   66.4610     4258.02
   66.5690     4258.02
   66.6850     4258.02
   66.7370     4258.02
   66.8131     4258.02
   66.8893     4258.02
   66.9610     4258.02
   67.0250     4258.02
   67.0743     4258.02
   67.1410     4258.02
   67.2010     4258.02
   67.2410     4258.02
   67.3130     4258.02
   67.3806     4258.02
   67.4530     4258.02
   67.5050     4258.02
   67.5850     4258.02
   67.6597     4258.02
   67.7130     4258.02
   67.7742     4258.02
   67.8690     4258.02
   67.9352     4258.02
   68.0170     4258.02
   68.0654     4258.02
   68.1370     4258.02
   68.1970     4258.02
   68.2610     4258.02
   68.3290     4258.02
   68.3930     4258.02
   68.4410     4258.02
   68.5170     4258.02
   68.5770     4258.02
   68.6343     4258.02
   68.7050     4258.02
   68.7610     4258.02
   68.8170     4258.02
   68.8850     4258.02
   68.9372     4258.02
   68.9997     4258.02
   69.0604     4258.02
   69.1090     4258.02
   69.1529     4258.02
   69.2050     4258.02
   69.2555     4258.02
   69.3123     4258.02
   69.3810     4258.02
   69.4490     4258.02
   69.5131     4258.02
   69.5641     4258.02
   69.6210     4258.02
   69.6656     4258.02
   69.7410     4258.02
   69.8090     4258.02
   69.8523     4258.02
   69.9022     4258.02
   69.9810     4258.02
   70.0383     4258.02
   70.1462     4258.02
   70.2450     4258.02
   70.3056     4258.02
   70.3774     4258.02
   70.4295     4258.02
   70.5130     4258.02
   70.5773     4258.02
   70.7170     4258.02
   70.7932     4258.02
   70.8605     4258.02
   70.9359     4258.02
   70.9965     4258.02
   72.3621     4258.02
   72.4197     4258.02
   72.4780     4258.02
   72.5677     4258.02
   72.6477     4258.02
   72.7181     4258.02
   72.7876     4258.02
   72.8636     4258.02
   72.8958     4258.02
   72.9476     4258.02
   73.0476     4258.02
   73.1254     4258.02
   73.2037     4258.02
   73.3076     4258.02
   73.3704     4258.02
   73.4517     4258.02
   73.5303     4258.02
   73.6141     4258.02
   73.7036     4258.02
   73.7603     4258.02
   73.8396     4258.02
   73.8946     4258.02
   73.9917     4258.02
   74.0426     4258.02
   74.1157     4258.02
   74.1877     4258.02
   74.2515     4258.02
   74.3277     4258.02
   74.4019     4258.02
   74.4677     4258.02
   74.5256     4258.02
   74.5946     4258.02
   74.6637     4258.02
   74.7357     4258.02
   74.7926     4258.02
   74.8837     4258.02
   74.9556     4258.02
   75.0316     4258.02
   75.0997     4258.02
   75.1933     4258.02
   75.2632     4258.02
   75.3399     4258.02
   75.4146     4258.02
   75.4832     4258.02
   75.5461     4258.02
   75.5934     4258.02
   75.6543     4258.02
   75.7115     4258.02
   75.7756     4258.02
   75.8396     4258.02
   75.8923     4258.02
   75.9596     4258.02
   76.0156     4258.02
   76.0528     4258.02
   76.1077     4258.02
   76.1876     4258.02
   76.2529     4258.02
   76.3477     4258.02
   76.4216     4258.02
   76.4957     4258.02
   76.5578     4258.02
   76.6168     4258.02
   76.6917     4258.02
   76.7544     4250.76
   76.8076     4250.76
   76.8677     4250.76
   76.9103     4250.76
   76.9796     4250.76
   77.0637     4250.76
   77.1049     4250.76
   77.1636     4250.76
   77.2317     4250.76
   77.2916     4250.76
   77.3396     4250.76
   77.3956     4250.76
   77.4417     4250.76
   77.4796     4250.76
   77.5357     4250.76
   77.5796     4250.76
   77.6316     4250.76
   77.7025     4250.76
   77.7756     4250.76
   77.8278     4250.76
   77.9076     4250.76
   77.9596     4250.76
   78.0038     4250.76
   78.0591     4250.76
   78.1596     4250.76
   78.2316     4250.76
   78.3019     4250.76
   78.3676     4250.76
   78.4197     4250.76
   78.4659     4250.76
   78.5397     4250.76
   78.5887     4250.76
   78.6636     4250.76
   78.7356     4250.76
   78.7957     4250.76
   78.8658     4250.76
   78.9397     4250.76
   78.9996     4250.76
   79.0556     4250.76
   79.1236     4250.76
   79.1917     4250.76
   79.2797     4250.76
   79.3196     4250.76
   79.3717     4250.76
   79.4317     4250.76
   79.4837     4250.76
   79.5357     4250.76
   79.5876     4250.76
   79.6323     4250.76
   79.6916     4250.76
   79.7356     4250.76
   79.7956     4250.76
   79.8407     4250.76
   79.9116     4250.76
   79.9636     4250.76
   80.0476     4250.76
   80.0916     4250.76
   80.1334     4250.76
   80.2076     4250.76
   80.2556     4250.76
   80.3036     4250.76
   80.3611     4250.76
   80.4196     4250.76
   80.4638     4250.76
   80.5157     4250.76
   80.5797     4250.76
   80.6239     4250.76
   80.6835     4250.76
   80.7516     4250.76
   80.7981     4250.76
   80.8597     4250.76
   80.9117     4250.76
   80.9677     4250.76
   81.0124     4250.76
   81.0931     4250.76
   81.1490     4250.76
   81.1997     4250.76
   81.2521     4250.76
   81.3157     4250.76
   81.3946     4250.76
   81.4557     4250.76
   81.5221     4250.76
   81.5755     4250.76
   81.6396     4250.76
   81.6997     4250.76
   81.7637     4250.76
   81.8122     4250.76
   81.8698     4250.76
   81.9383     4250.76
   82.0037     4250.76
   82.0408     4250.76
   82.1124     4250.76
   82.1757     4250.76
   82.2237     4250.76
   82.2692     4250.76
   82.3337     4250.76
   82.3834     4250.76
   82.4477     4250.76
   82.4941     4250.76
   82.5750     4250.76
   82.6421     4250.76
   82.7197     4250.76
   82.7716     4250.76
   82.8397     4250.76
   82.9140     4250.76
   82.9917     4250.76
   83.0474     4250.76
   83.1213     4250.76
   83.1927     4250.76
   83.2550     4250.76
   83.3250     4250.76
   83.4066     4250.76
   83.4798     4250.76
   83.5342     4250.76
   83.5912     4250.76
   83.6612     4250.76
   83.7397     4250.76
   83.8037     4250.76
   83.8796     4250.76
   83.9463     4250.76
   84.0302     4250.76
   84.0992     4250.76
   84.1717     4250.76
   84.2436     4250.76
   84.3076     4250.76
   84.3716     4250.76
   84.4290     4250.76
   84.4916     4250.76
   84.5596     4250.76
   84.6164     4250.76
   84.6621     4250.76
   84.7597     4250.76
   84.8147     4250.76
   84.9196     4250.76
   84.9797     4250.76
   85.0214     4250.76
   85.0876     4250.76
   85.1637     4250.76
   85.2195     4250.76
   85.2644     4250.76
   85.3076     4250.76
   85.3687     4250.76
   85.4236     4250.76
   85.4796     4250.76
   85.5196     4250.76
   85.5677     4250.76
   85.6196     4250.76
   85.6654     4250.76
   85.7414     4250.76
   85.8156     4250.76
   85.8803     4250.76
   85.9316     4250.76
   85.9724     4250.76
   86.0196     4250.76
   86.0597     4250.76
   86.1276     4250.76
   86.2076     4250.76
   86.2716     4250.76
   86.3397     4250.76
   86.3885     4250.76
   86.4516     4250.76
   86.5237     4250.76
   86.5950     4250.76
   86.6477     4250.76
   86.7356     4250.76
   86.7956     4250.76
   86.8517     4250.76
   86.8996     4250.76
   86.9412     4250.76
   87.0196     4250.76
   87.0716     4250.76
   87.1251     4250.76
   87.1917     4250.76
   87.2397     4250.76
   87.3036     4250.76
   87.3608     4250.76
   87.4409     4250.76
   87.5357     4250.76
   87.6127     4250.76
   87.6722     4250.76
   87.7343     4250.76
   87.8203     4250.76
   87.9076     4250.76
   87.9966     4250.76
   88.0565     4250.76
   88.1209     4250.76
   88.2037     4236.23
   88.2637     4236.23
   88.2983     4236.23
   88.3637     4236.23
   88.4275     4236.23
   88.5165     4236.23
   88.5926     4236.23
   88.6597     4236.23
   88.6861     4236.23
   88.7365     4236.23
   88.8073     4236.23
   88.8677     4236.23
   88.9120     4236.23
   88.9714     4236.23
   89.0197     4236.23
   89.0587     4236.23
   89.1365     4236.23
   89.2077     4236.23
   89.2717     4236.23
   89.3163     4236.23
   89.3727     4236.23
   89.4236     4236.23
   89.4717     4236.23
   89.5477     4236.23
   89.5861     4236.23
   89.6469     4236.23
   89.6997     4236.23
   89.7538     4236.23
   89.7957     4236.23
   89.8569     4236.23
   89.9207     4236.23
   90.0019     4236.23
   90.0716     4236.23
   90.1477     4236.23
   90.2116     4236.23
   90.2676     4236.23
   90.3062     4236.23
   90.3796     4236.23
   90.4636     4236.23
   90.5357     4236.23
   90.5957     4236.23
   90.6621     4236.23
   90.7164     4236.23
   90.7716     4236.23
   90.8634     4236.23
   90.9357     4236.23
   90.9876     4236.23
   91.0597     4236.23
   91.1092     4236.23
   91.1604     4236.23
   91.2199     4236.23
   91.2757     4236.23
   91.3523     4236.23
   91.4135     4236.23
   91.4797     4236.23
   91.5289     4236.23
   91.6017     4236.23
   91.6691     4236.23
   91.7416     4236.23
   91.7997     4236.23
   91.8836     4236.23
   91.9267     4236.23
   91.9956     4236.23
   92.0517     4236.23
   92.1276     4236.23
   92.1723     4236.23
   92.2396     4236.23
   92.2962     4236.23
   92.3409     4236.23
   92.3916     4236.23
   92.4516     4236.23
   92.5156     4236.23
   92.5757     4236.23
   92.6477     4236.23
   92.6956     4236.23
   92.7612     4236.23
   92.8237     4236.23
   92.9017     4236.23
   92.9536     4236.23
   93.0360     4236.23
   93.1396     4236.23
   93.2402     4236.23
   93.3170     4236.23
   93.4029     4236.23
   93.5037     4236.23
   93.5538     4236.23
   93.6676     4236.23
   93.7637     4236.23
   93.8116     4236.23
   93.8877     4236.23
   93.9285     4236.23
   93.9838     4236.23
   94.0356     4236.23
   94.0756     4236.23
   94.1356     4236.23
   94.1762     4236.23
   94.2397     4236.23
   94.2996     4236.23
   94.3436     4236.23
   94.4078     4236.23
   94.4662     4236.23
   94.5236     4236.23
   94.5837     4236.23
   94.6397     4236.23
   94.6877     4236.23
   94.7516     4236.23
   94.8107     4236.23
   94.8876     4236.23
   94.9671     4236.23
   95.0329     4236.23
   95.0945     4236.23
   95.1597     4236.23
   95.2095     4236.23
   95.2836     4236.23
   95.3268     4236.23
   95.3956     4236.23
   95.4530     4236.23
   95.5110     4236.23
   95.5877     4236.23
   95.6677     4236.23
   95.7142     4236.23
   95.7709     4236.23
   95.8424     4236.23
   95.9037     4236.23
   95.9637     4236.23
   96.0169     4236.23
   96.0636     4236.23
   96.1271     4236.23
   96.2011     4236.23
   96.2874     4236.23
   96.3362     4236.23
   96.3930     4236.23
   96.4557     4236.23
   96.5276     4236.23
   96.5864     4236.23
   96.6411     4236.23
   96.7138     4236.23
   96.7677     4236.23
   96.8277     4236.23
   96.8774     4236.23
   96.9303     4236.23
   96.9842     4236.23
   97.0214     4236.23
   97.0845     4236.23
   97.1216     4236.23
   97.1990     4236.23
   97.2593     4236.23
   97.3117     4236.23
   97.3637     4236.23
   97.3850     4236.23
   97.4399     4236.23
   97.4895     4236.23
   97.5495     4236.23
   97.6151     4236.23
   97.6877     4236.23
   97.7517     4236.23
   97.8117     4236.23
   97.8922     4236.23
   97.9367     4236.23
   97.9917     4236.23
   98.0394     4236.23
   98.1117     4236.23
   98.1756     4236.23
   98.2190     4236.23
   98.2743     4236.23
   98.3439     4236.23
   98.4053     4236.23
   98.4637     4236.23
   98.5154     4236.23
   98.5716     4236.23
   98.6449     4236.23
   98.6964     4236.23
   98.7694     4236.23
   98.8352     4236.23
   98.8837     4236.23
   98.9261     4236.23
   98.9762     4236.23
   99.0227     4236.23
   99.0816     4236.23
   99.1498     4236.23
   99.2212     4236.23
   99.2797     4236.23
   99.3265     4236.23
   99.4197     4236.23
   99.4685     4236.23
   99.5379     4236.23
   99.6117     4236.23
   99.6579     4236.23
   99.7101     4236.23
   99.7756     4236.23
   99.8231     4236.23
   99.8877     4236.23
   99.9762     4236.23
  100.0252     4236.23
  100.0837     4236.23
  100.1316     4236.23
  100.1997     4236.23
  100.2412     4236.23
  100.3076     4236.23
  100.3639     4236.23
  100.4356     4236.23
  100.4603     4236.23
  100.5076     4236.23
  100.5584     4236.23
  100.6236     4236.23
  100.6728     4236.23
  100.7677     4236.23
  100.8546     4236.23
  100.9902     4236.23
  101.0859     4236.23
  101.1450     4236.23
  101.2436     4236.23
  101.2956     4236.23
  101.3505     4236.23
  101.4216     4236.23
  101.4967     4236.23
  101.5756     4236.23
  101.6557     4236.23
  101.7042     4236.23
  101.7796     4236.23
  101.8716     4236.23
  101.9481     4236.23
  102.0084     4236.23
  102.0756     4236.23
  102.1719     4236.23
  102.2825     4236.23
  102.3870     4236.23
  102.4650     4236.23
  102.5458     4236.23
  102.6685     4236.23
  102.7359     4236.23
  102.8196     4236.23
  102.9103     4236.23
  102.9877     4236.23
  103.0882     4236.23
  103.2356     4236.23
  103.3396     4236.23
  103.4106     4236.23
  103.4628     4236.23
  103.5689     4236.23
  103.6716     4236.23
  103.7416     4236.23
  103.8320     4236.23
  103.9332     4236.23
  104.0556     4236.23
  104.1613     4236.23
  104.2573     4236.23
  104.3433     4236.23
  104.4216     4236.23
  104.5119     4236.23
  104.5907     4236.23
  104.6617     4236.23
  104.8037     4236.23
  104.8677     4236.23
  106.2111     4236.23
  106.2993     4236.23
  106.3795     4236.23
  106.4629     4236.23
  106.6369     4236.23
  106.7289     4236.23
  106.7969     4236.23
  106.8668     4236.23
  106.9609     4236.23
  107.0569     4236.23
  107.1184     4236.23
  107.1823     4236.23
  107.2425     4236.23
  107.3071     4236.23
  107.4554     4236.23
  107.5449     4236.23
  107.6249     4236.23
  107.6745     4236.23
  107.7809     4236.23
  107.8832     4236.23
  108.0249     4236.23
  108.0809     4236.23
  108.1384     4236.23
  108.2097     4236.23
  108.3129     4236.23
  108.3561     4236.23
  108.4809     4236.23
  108.5471     4236.23
  108.6360     4236.23
  108.6962     4236.23
  108.7545     4236.23
  108.8063     4236.23
  108.8576     4236.23
  108.9028     4236.23
  108.9489     4236.23
  109.0049     4236.23
  109.0529     4236.23
  109.1250     4236.23
  109.1649     4236.23
  109.2209     4236.23
  109.2729     4236.23
  109.3289     4236.23
  109.3889     4236.23
  109.4569     4236.23
  109.5103     4236.23
  109.5729     4236.23
  109.6169     4236.23
  109.6889     4236.23
  109.7166     4236.23
  109.7526     4236.23
  109.8113     4236.23
  109.8745     4236.23
  109.9237     4236.23
  109.9769     4236.23
  110.0195     4236.23
  110.0631     4236.23
  110.1084     4236.23
  110.1604     4236.23
  110.2089     4236.23
  110.2689     4236.23
  110.3145     4236.23
  110.3729     4236.23
  110.4305     4236.23
  110.4660     4236.23
  110.5129     4236.23
  110.5528     4236.23
  110.6210     4236.23
  110.6677     4236.23
  110.7249     4236.23
  110.7660     4236.23
  110.8209     4236.23
  110.9007     4236.23
  110.9689     4236.23
  111.0129     4236.23
  111.0986     4236.23
  111.1876     4236.23
  111.2490     4236.23
  111.3329     4236.23
  111.4131     4236.23
  111.5169     4236.23
  111.6129     4236.23
  111.6946     4236.23
  111.7695     4236.23
  111.8489     4236.23
  111.9249     4236.23
  111.9743     4236.23
  112.0415     4236.23
  112.1529     4236.23
  112.2689     4236.23
  112.3415     4236.23
  112.4104     4236.23
  112.4734     4236.23
  112.5218     4236.23
  112.6093     4236.23
  112.6815     4236.23
  112.7968     4236.23
  112.8209     4236.23
  112.8650     4236.23
  112.9289     4236.23
  113.0651     4236.23
  113.1432     4236.23
  113.1938     4236.23
  113.2593     4236.23
  113.3116     4236.23
  113.4541     4236.23
  113.5382     4236.23
  113.5981     4236.23
  113.6428     4236.23
  113.7875     4236.23
  113.8587     4236.23
  113.9409     4236.23
  114.0329     4236.23
  114.1209     4236.23
  114.2209     4236.23
  114.2909     4236.23
  114.4064     4236.23
  114.4793     4236.23
  114.5401     4236.23
  114.6025     4236.23
  114.6823     4236.23
  114.7827     4236.23
  114.8391     4236.23
  114.9034     4236.23
  114.9747     4236.23
  115.0409     4236.23
  115.1117     4236.23
  115.1785     4236.23
  115.2377     4236.23
  115.2857     4236.23
  115.3489     4236.23
  115.4140     4236.23
  115.4929     4236.23
  115.5495     4236.23
  115.6192     4236.23
  115.6877     4236.23
  115.7609     4236.23
  115.8200     4236.23
  115.8751     4236.23
  115.9809     4236.23
  116.1089     4236.23
  116.1776     4236.23
  116.2744     4236.23
  116.3809     4236.23
  116.4903     4236.23
  116.5930     4236.23
  116.6587     4236.23
  116.7409     4236.23
  116.8249     4236.23
  116.9428     4236.23
  117.0021     4236.23
  117.0929     4236.23
  117.1415     4236.23
  117.2209     4236.23
  117.2700     4236.23
  117.3409     4236.23
  117.4153     4236.23
  117.4947     4236.23
  117.5675     4236.23
  117.6553     4236.23
  117.7188     4236.23
  117.7865     4236.23
  117.8584     4236.23
  118.0009     4236.23
  118.0781     4236.23
  118.1466     4236.23
  118.2369     4236.23
  118.3973     4236.23
  118.4704     4236.23
  118.5929     4236.23
  118.6507     4236.23
  118.7152     4236.23
  118.8289     4236.23
  118.8729     4236.23
  118.9533     4236.23
  119.0054     4236.23
  119.0769     4236.23
  119.1459     4236.23
  119.2076     4236.23
  119.2754     4236.23
  119.3889     4236.23
  119.4424     4236.23
  119.5249     4236.23
  119.5900     4236.23
  119.6375     4236.23
  119.6929     4236.23
  119.7739     4236.23
  119.8505     4236.23
  119.8900     4236.23
  119.9337     4236.23
  120.0119     4236.23
  120.0790     4236.23
  120.1377     4236.23
  120.2449     4236.23
  120.3429     4236.23
  120.4013     4236.23
  120.5338     4236.23
  120.6529     4236.23
  120.7229     4236.23
  120.7876     4236.23
  120.8423     4236.23
  120.9336     4236.23
  120.9943     4236.23
  121.1028     4236.23
  121.2053     4236.23
  121.3009     4236.23
  121.3729     4236.23
  121.4461     4236.23
  121.4960     4236.23
  121.6169     4236.23
  121.6902     4236.23
  121.7630     4236.23
  121.8529     4236.23
  121.8994     4236.23
  121.9769     4236.23
  122.0421     4236.23
  122.1209     4236.23
  122.2139     4236.23
  122.2633     4236.23
  122.3438     4236.23
  122.5276     4236.23
  122.6129     4236.23
  122.6832     4236.23
  122.7569     4236.23
  122.8264     4236.23
  122.9250     4236.23
  123.0009     4236.23
  123.0636     4236.23
  123.1277     4236.23
  123.2188     4236.23
  123.2933     4236.23
  123.3474     4236.23
  123.4119     4236.23
  123.4911     4236.23
  123.5904     4236.23
  123.6711     4236.23
  123.7896     4236.23
  123.8460     4236.23
  123.9690     4236.23
  124.0557     4236.23
  124.1533     4236.23
  124.1906     4236.23
  124.3725     4236.23
  124.4449     4236.23
  124.4854     4236.23
  124.5570     4236.23
  124.6449     4236.23
  124.6839     4236.23
  124.7449     4236.23
  124.8146     4236.23
  124.8951     4236.23
  124.9422     4236.23
  125.0397     4236.23
  125.0969     4236.23
  125.1464     4236.23
  125.2373     4236.23
  125.3102     4236.23
  125.3690     4236.23
  125.4374     4236.23
  125.5289     4236.23
  125.6169     4236.23
  125.6969     4236.23
  125.7430     4236.23
  125.8249     4236.23
  125.9013     4236.23
  125.9821     4236.23
  126.0689     4236.23
  126.1167     4236.23
  126.1649     4236.23
  126.2169     4236.23
  126.2562     4236.23
  126.3249     4236.23
  126.3809     4236.23
  126.4243     4236.23
  126.4809     4236.23
  126.5180     4236.23
  126.5849     4236.23
  126.6261     4236.23
  126.6956     4236.23
  126.7605     4236.23
  126.8329     4236.23
  126.8849     4236.23
  126.9173     4236.23
  127.0169     4236.23
  127.0775     4236.23
  127.1308     4236.23
  127.1929     4236.23
  127.2649     4236.23
  127.3078     4236.23
  127.3609     4236.23
  127.4137     4236.23
  127.4849     4236.23
  127.5409     4236.23
  127.5805     4236.23
  127.6409     4236.23
  127.6795     4236.23
  127.7249     4236.23
  127.7729     4236.23
  127.8129     4236.23
  127.8569     4236.23
  127.9049     4236.23
  127.9489     4236.23
  128.0129     4236.23
  128.0529     4236.23
  128.1129     4236.23
  128.1601     4236.23
  128.2209     4236.23
  128.2769     4236.23
  128.3218     4236.23
  128.3762     4236.23
  128.4369     4236.23
  128.4951     4236.23
  128.5489     4236.23
  128.6072     4236.23
  128.6763     4236.23
  128.7449     4236.23
  128.7929     4236.23
  128.8600     4236.23
  128.9289     4236.23
  128.9740     4236.23
  129.0375     4236.23
  129.1209     4236.23
  129.1969     4236.23
  129.2498     4236.23
  129.3101     4236.23
  129.3849     4236.23
  129.4621     4236.23
  129.5169     4236.23
  129.5849     4236.23
  129.6347     4236.23
  129.6929     4236.23
  129.7409     4236.23
  129.8089     4236.23
  129.8546     4236.23
  129.9369     4236.23
  130.0190     4236.23
  130.1181     4236.23
  130.2194     4236.23
  130.3089     4236.23
  130.4106     4236.23
  130.4849     4236.23
  130.5529     4236.23
  130.6329     4236.23
  130.7599     4236.23
  130.8534     4236.23
  130.9471     4236.23
  131.0292     4236.23
  131.1028     4236.23
  131.1929     4236.23
  131.2809     4236.23
  131.3416     4236.23
  131.3956     4236.23
  131.4557     4236.23
  131.5073     4236.23
  131.5718     4236.23
  131.6193     4236.23
  131.6809     4236.23
  131.7409     4236.23
  131.7892     4236.23
  131.8729     4236.23
  131.9318     4236.23
  132.0041     4236.23
  132.0849     4236.23
  132.1569     4236.23
  132.2143     4236.23
  132.3089     4236.23
  132.3660     4236.23
  132.4400     4236.23
  132.4784     4236.23
  132.5470     4236.23
  132.5943     4236.23
  132.6390     4236.23
  132.7165     4236.23
  132.7826     4236.23
  132.8479     4236.23
  132.9409     4236.23
  133.0329     4236.23
  133.0858     4236.23
  133.1449     4236.23
  133.1875     4236.23
  133.2449     4236.23
  133.2969     4236.23
  133.3429     4236.23
  133.3945     4236.23
  133.4409     4236.23
  133.4873     4236.23
  133.5409     4236.23
  133.5898     4236.23
  133.6569     4236.23
  133.7169     4236.23
  133.7710     4236.23
  133.8329     4236.23
  133.8769     4236.23
  133.9144     4236.23
  133.9609     4236.23
  134.0269     4236.23
  134.0809     4236.23
  134.1249     4236.23
  134.1849     4236.23
  134.2289     4236.23
  134.2929     4236.23
  134.3358     4236.23
  134.4129     4236.23
  134.4649     4236.23
  134.5329     4236.23
  134.5929     4236.23
  134.6334     4236.23
  134.7089     4236.23
  134.7729     4236.23
  134.8579     4236.23
  134.9209     4236.23
  134.9769     4236.23
  135.0649     4236.23
  135.1409     4236.23
  135.1929     4236.23
  135.2649     4236.23
  135.3409     4236.23
  135.4135     4236.23
  135.4647     4236.23
  135.5169     4236.23
  135.5809     4236.23
  135.6570     4236.23
  135.7449     4236.23
  135.8329     4236.23
  135.9049     4236.23
  135.9889     4236.23
  136.0369     4236.23
  136.1009     4236.23
  136.1576     4236.23
  136.2154     4236.23
  136.2969     4236.23
  136.3649     4236.23
  136.4329     4236.23
  136.5143     4236.23
  136.5729     4236.23
  136.6678     4236.23
  136.7589     4236.23
  136.8129     4236.23
  136.9209     4236.23
  137.0226     4236.23
  137.1055     4236.23
  137.1938     4236.23
  137.2701     4236.23
  137.3665     4236.23
  137.4569     4236.23
  137.5364     4236.23
  137.6344     4236.23
  137.6989     4236.23
  137.7849     4236.23
  137.8303     4236.23
  137.9169     4236.23
  137.9985     4236.23
  138.0856     4236.23
  138.1657     4236.23
  138.2369     4236.23
  138.2907     4236.23
  138.3729     4236.23
  138.4729     4236.23
  138.5586     4236.23
  138.6272     4236.23
  139.9053     4236.23
  139.9924     4236.23
  140.0642     4236.23
  140.1539     4236.23
  140.2339     4236.23
  140.2979     4236.23
  140.3768     4236.23
  140.4459     4236.23
  140.5099     4236.23
  140.5715     4236.23
  140.6649     4236.23
  140.7343     4236.23
  140.8059     4236.23
  140.9028     4236.23
  140.9642     4236.23
  141.0167     4236.23
  141.0871     4236.23
  141.1677     4236.23
  141.3099     4236.23
  141.3847     4236.23
  141.4722     4236.23
  141.5286     4236.23
  141.5798     4236.23
  141.6849     4236.23
  141.7979     4236.23
  141.8482     4236.23
  141.9459     4236.23
  142.0434     4236.23
  142.1487     4236.23
  142.2025     4236.23
  142.2819     4236.23
  142.3499     4236.23
  142.4011     4236.23
  142.4499     4236.23
  142.5299     4236.23
  142.5859     4236.23
  142.6539     4236.23
  142.7318     4236.23
  142.7911     4236.23
  142.8433     4236.23
  142.9179     4236.23
  142.9699     4236.23
  143.0379     4236.23
  143.1285     4236.23
  143.1931     4236.23
  143.2457     4236.23
  143.2939     4236.23
  143.3579     4236.23
  143.4139     4236.23
  143.4779     4236.23
  143.5127     4236.23
  143.5659     4236.23
  143.6339     4236.23
  143.7089     4236.23
  143.7779     4236.23
  143.8196     4236.23
  143.9003     4236.23
  143.9819     4236.23
  144.0539     4236.23
  144.1139     4236.23
  144.1666     4236.23
  144.2221     4236.23
  144.2819     4236.23
  144.3499     4236.23
  144.4546     4236.23
  144.5819     4236.23
  144.6589     4236.23
  144.7238     4236.23
  144.7996     4236.23
  144.8511     4236.23
  144.9187     4236.23
  144.9923     4236.23
  145.0719     4236.23
  145.1259     4236.23
  145.1831     4236.23
  145.2579     4236.23
  145.3739     4236.23
  145.4542     4236.23
  145.5150     4236.23
  145.5779     4236.23
  145.6379     4236.23
  145.6979     4236.23
  145.8139     4236.23
  145.8939     4236.23
  145.9421     4236.23
  146.0379     4236.23
  146.1611     4236.23
  146.2419     4236.23
  146.3260     4236.23
  146.3939     4236.23
  146.4729     4236.23
  146.5739     4236.23
  146.6153     4236.23
  146.7424     4236.23
  146.8630     4236.23
  146.9107     4236.23
  146.9819     4236.23
  147.0593     4236.23
  147.1397     4236.23
  147.2077     4236.23
  147.3248     4236.23
  147.3984     4236.23
  147.4678     4236.23
  147.6468     4236.23
  147.7665     4236.23
  147.9083     4236.23
  148.0736     4236.23
  148.1208     4236.23
  148.1885     4236.23
  148.3074     4236.23
  148.3687     4236.23
  148.4416     4236.23
  148.5134     4236.23
  148.6201     4236.23
  148.6693     4236.23
  148.8047     4236.23
  148.8766     4236.23
  149.0029     4236.23
  149.0534     4236.23
  149.1796     4236.23
  149.2821     4236.23
  149.3457     4236.23
  149.4044     4236.23
  149.4857     4236.23
  149.5909     4236.23
  149.6657     4236.23
  149.7374     4236.23
  149.8927     4236.23
  149.9966     4236.23
  150.0892     4236.23
  150.1610     4236.23
  150.2296     4236.23
  150.3005     4236.23
  150.3816     4236.23
  150.4752     4236.23
  150.5594     4236.23
  150.6427     4236.23
  150.7653     4236.23
  150.8463     4236.23
  151.0398     4236.23
  151.1033     4236.23
  151.1426     4236.23
  151.2761     4236.23
  151.3470     4236.23
  151.4047     4236.23
  151.5059     4236.23
  151.5558     4236.23
  151.6539     4236.23
  151.7259     4236.23
  151.8219     4236.23
  151.8786     4236.23
  152.0059     4236.23
  152.0539     4236.23
  152.1227     4236.23
  152.2074     4236.23
  152.2601     4236.23
  152.2988     4236.23
  152.3859     4236.23
  152.4586     4236.23
  152.5285     4236.23
  152.5866     4236.23
  152.7061     4236.23
  152.7579     4236.23
  152.8979     4236.23
  152.9874     4236.23
  153.0553     4236.23
  153.1219     4236.23
  153.1779     4236.23
  153.2180     4236.23
  153.3179     4236.23
  153.3829     4236.23
  153.4334     4236.23
  153.5151     4236.23
  153.5992     4236.23
  153.6787     4236.23
  153.7626     4236.23
  153.9030     4236.23
  154.0500     4236.23
  154.1670     4236.23
  154.2279     4236.23
  154.2896     4236.23
  154.4332     4236.23
  154.5355     4236.23
  154.6590     4236.23
  154.7363     4236.23
  154.8546     4236.23
  154.9120     4236.23
  155.0545     4236.23
  155.1219     4236.23
  155.2637     4236.23
  155.3726     4236.23
  155.4507     4236.23
  155.5303     4236.23
  155.6339     4236.23
  155.6861     4236.23
  155.7669     4236.23
  155.8619     4236.23
  155.9687     4236.23
  156.0579     4236.23
  156.1109     4236.23
  156.2179     4236.23
  156.2787     4236.23
  156.3798     4236.23
  156.4583     4236.23
  156.5493     4236.23
  156.6739     4236.23
  156.7419     4236.23
  156.8315     4236.23
  156.9221     4236.23
  157.0427     4236.23
  157.1478     4236.23
  157.2579     4236.23
  157.3115     4236.23
  157.3860     4236.23
  157.4378     4236.23
  157.5481     4236.23
  157.6299     4236.23
  157.7205     4236.23
  157.8036     4236.23
  157.8639     4236.23
  157.9379     4236.23
  158.0511     4236.23
  158.1409     4236.23
  158.2169     4236.23
  158.2939     4236.23
  158.3339     4236.23
  158.3780     4236.23
  158.4339     4236.23
  158.4812     4236.23
  158.5379     4236.23
  158.5819     4236.23
  158.6243     4236.23
  158.6859     4236.23
  158.7193     4236.23
  158.7979     4236.23
  158.8659     4236.23
  158.9699     4236.23
  159.0182     4236.23
  159.0659     4236.23
  159.1099     4236.23
  159.1619     4236.23
  159.2166     4236.23
  159.2619     4236.23
  159.3179     4236.23
  159.3649     4236.23
  159.4139     4236.23
  159.4699     4236.23
  159.5219     4236.23
  159.5779     4236.23
  159.6161     4236.23
  159.6699     4236.23
  159.7272     4236.23
  159.7800     4236.23
  159.8339     4236.23
  159.8859     4236.23
  159.9259     4236.23
  159.9699     4236.23
  160.0219     4236.23
  160.0699     4236.23
  160.1299     4236.23
  160.1699     4236.23
  160.2113     4236.23
  160.2899     4236.23
  160.3471     4236.23
  160.4419     4236.23
  160.5299     4236.23
  160.5938     4236.23
  160.6499     4236.23
  160.7110     4236.23
  160.8059     4236.23
  160.8633     4236.23
  160.9659     4236.23
  161.0307     4236.23
  161.0932     4236.23
  161.1354     4236.23
  161.2115     4236.23
  161.3219     4236.23
  161.3911     4236.23
  161.4539     4236.23
  161.5156     4236.23
  161.6179     4236.23
  161.6907     4236.23
  161.7837     4236.23
  161.8436     4236.23
  161.9102     4236.23
  161.9876     4236.23
  162.1105     4236.23
  162.1787     4236.23
  162.2522     4236.23
  162.3899     4236.23
  162.4447     4236.23
  162.5341     4236.23
  162.5841     4236.23
  162.7179     4236.23
  162.8219     4236.23
  162.9500     4236.23
  163.0843     4236.23
  163.1432     4236.23
  163.2000     4236.23
  163.2940     4236.23
  163.5259     4236.23
  163.6059     4236.23
  163.6739     4236.23
  163.8635     4236.23
  163.9421     4236.23
  164.0339     4236.23
  164.1630     4236.23
  164.2470     4236.23
  164.3621     4236.23
  164.4285     4236.23
  164.4795     4236.23
  164.5419     4236.23
  164.6620     4236.23
  164.7394     4236.23
  164.8117     4236.23
  164.8827     4236.23
  164.9710     4236.23
  165.0321     4236.23
  165.0979     4236.23
  165.1528     4236.23
  165.2579     4236.23
  165.3191     4236.23
  165.4264     4236.23
  165.5119     4236.23
  165.5779     4236.23
  165.6163     4236.23
  165.7179     4236.23
  165.7988     4236.23
  165.8688     4236.23
  165.9274     4236.23
  165.9804     4236.23
  166.0940     4236.23
  166.1787     4236.23
  166.2739     4236.23
  166.3379     4236.23
  166.4185     4236.23
  166.5379     4236.23
  166.6386     4236.23
  166.6876     4236.23
  166.7221     4236.23
  166.8261     4236.23
  166.8669     4236.23
  166.9221     4236.23
  166.9873     4236.23
  167.1432     4236.23
  167.2181     4236.23
  167.3005     4236.23
  167.3739     4236.23
  167.4219     4236.23
  167.4754     4236.23
  167.5325     4236.23
  167.6321     4236.23
  167.7082     4236.23
  167.8179     4236.23
  167.8719     4236.23
  167.9421     4236.23
  168.0179     4236.23
  168.0659     4236.23
  168.1309     4236.23
  168.1779     4236.23
  168.2379     4236.23
  168.3179     4236.23
  168.3979     4236.23
  168.4539     4236.23
  168.5379     4236.23
  168.6226     4236.23
  168.6979     4236.23
  168.7780     4236.23
  168.8713     4236.23
  168.9404     4236.23
  169.0393     4236.23
  169.0979     4236.23
  169.1701     4236.23
  169.2763     4236.23
  169.3282     4236.23
  169.4144     4236.23
  169.5099     4236.23
  169.5558     4236.23
  169.6586     4236.23
  169.7729     4236.23
  169.8288     4236.23
  169.9419     4236.23
  170.0118     4236.23
  170.0723     4236.23
  170.1779     4236.23
  170.2324     4236.23
  170.3003     4236.23
  170.4699     4236.23
  170.5388     4236.23
  170.6419     4236.23
  170.7779     4236.23
  170.8169     4236.23
  170.9108     4236.23
  170.9817     4236.23
  171.0659     4236.23
  171.1517     4236.23
  171.2169     4236.23
  171.3102     4236.23
  171.4031     4236.23
  171.5019     4236.23
  171.5755     4236.23
  171.6221     4236.23
  171.6811     4236.23
  171.7309     4236.23
  171.7979     4236.23
  171.8594     4236.23
  171.9219     4236.23
  171.9740     4236.23
  172.0285     4236.23
  172.0940     4236.23
  173.3755     4236.23
  173.4458     4236.23
  173.4981     4236.23
  173.5869     4236.23
  173.6563     4236.23
  173.7110     4236.23
  173.7876     4236.23
  173.8600     4236.23
  173.9041     4236.23
  173.9531     4236.23
  174.0061     4236.23
  174.0786     4236.23
  174.1419     4236.23
  174.1954     4236.23
  174.2665     4236.23
  174.3266     4236.23
  174.3897     4236.23
  174.4683     4236.23
  174.5363     4236.23
  174.5795     4236.23
  174.6489     4236.23
  174.7087     4236.23
  174.7649     4236.23
  174.8828     4236.23
  174.9931     4236.23
  175.1003     4236.23
  175.1692     4236.23
  175.2312     4236.23
  175.3843     4236.23
  175.4803     4236.23
  175.5483     4236.23
  175.6243     4236.23
  175.6787     4236.23
  175.7443     4236.23
  175.8293     4236.23
  175.9137     4236.23
  175.9980     4236.23
  176.0803     4236.23
  176.1523     4236.23
  176.2203     4236.23
  176.2785     4236.23
  176.3266     4236.23
  176.3888     4236.23
  176.4963     4236.23
  176.5563     4236.23
  176.6083     4236.23
  176.6843     4236.23
  176.7683     4236.23
  176.8200     4236.23
  176.8923     4236.23
  176.9603     4236.23
  177.0283     4236.23
  177.0891     4236.23
  177.1603     4236.23
  177.2141     4236.23
  177.2683     4236.23
  177.3363     4236.23
  177.3770     4236.23
  177.4403     4236.23
  177.4843     4236.23
  177.5452     4236.23
  177.5963     4236.23
  177.6411     4236.23
  177.7043     4236.23
  177.7603     4236.23
  177.8243     4236.23
  177.8603     4236.23
  177.9243     4236.23
  177.9723     4236.23
  178.0243     4236.23
  178.0680     4236.23
  178.1603     4236.23
  178.2203     4236.23
  178.2883     4236.23
  178.3443     4236.23
  178.4083     4236.23
  178.4843     4236.23
  178.5603     4236.23
  178.6403     4236.23
  178.7123     4236.23
  178.7923     4236.23
  178.8723     4236.23
  178.9217     4236.23
  178.9803     4236.23
  179.0523     4236.23
  179.1523     4236.23
  179.1785     4236.23
  179.2843     4236.23
  179.3229     4236.23
  179.4323     4236.23
  179.5405     4236.23
  179.6495     4236.23
  179.7123     4236.23
  179.7612     4236.23
  179.8483     4236.23
  179.9123     4236.23
  179.9603     4236.23
  180.0177     4236.23
  180.0772     4236.23
  180.1578     4236.23
  180.2052     4236.23
  180.2603     4236.23
  180.3301     4236.23
  180.3805     4236.23
  180.4290     4236.23
  180.4864     4236.23
  180.5507     4236.23
  180.6323     4236.23
  180.6864     4236.23
  180.7493     4236.23
  180.8114     4236.23
  180.8726     4236.23
  180.9364     4236.23
  181.0283     4236.23
  181.1163     4236.23
  181.1835     4236.23
  181.2763     4236.23
  181.3313     4236.23
  181.4163     4236.23
  181.5104     4236.23
  181.5820     4236.23
  181.7163     4236.23
  181.7977     4236.23
  181.9010     4236.23
  181.9603     4236.23
  182.0483     4236.23
  182.1403     4236.23
  182.1994     4236.23
  182.2655     4236.23
  182.3481     4236.23
  182.4323     4236.23
  182.5460     4236.23
  182.6078     4236.23
  182.6827     4236.23
  182.8090     4236.23
  182.9337     4236.23
  182.9867     4236.23
  183.0883     4236.23
  183.1431     4236.23
  183.2003     4236.23
  183.2621     4236.23
  183.3483     4236.23
  183.4471     4236.23
  183.5244     4236.23
  183.6291     4236.23
  183.6973     4236.23
  183.7979     4236.23
  183.8603     4236.23
  183.9140     4236.23
  183.9976     4236.23
  184.0523     4236.23
  184.1187     4236.23
  184.1843     4236.23
  184.2606     4236.23
  184.3250     4236.23
  184.4003     4236.23
  184.4803     4236.23
  184.5403     4236.23
  184.6163     4236.23
  184.6884     4236.23
  184.7551     4236.23
  184.7999     4236.23
  184.8883     4000.54
  184.9847     4000.54
  185.0643     4000.54
  185.1323     4000.54
  185.1693     4000.54
  185.2563     4000.54
  185.3523     4000.54
  185.4203     4000.54
  185.5207     4000.54
  185.6003     4000.54
  185.6913     4000.54
  185.7683     4000.54
  185.8403     4000.54
  185.9043     4000.54
  185.9500     4000.54
  186.0283     4000.54
  186.0785     4000.54
  186.1398     4000.54
  186.1838     4000.54
  186.2643     4000.54
  186.3323     4000.54
  186.3843     4000.54
  186.4314     4000.54
  186.4923     4000.54
  186.5443     4000.54
  186.6283     4000.54
  186.6851     4000.54
  186.7443     4000.54
  186.7883     4000.54
  186.8375     4000.54
  186.9083     4000.54
  186.9487     4000.54
  187.0043     4000.54
  187.0577     4000.54
  187.1323     4000.54
  187.1904     4000.54
  187.2654     4000.54
  187.3124     4000.54
  187.3723     4000.54
  187.4404     4000.54
  187.5106     4000.54
  187.5685     4000.54
  187.6564     4000.54
  187.7205     4000.54
  187.7923     4000.54
  187.8443     4000.54
  187.9112     4000.54
  187.9723     4000.54
  188.0280     4000.54
  188.1167     4000.54
  188.1718     4000.54
  188.2243     4000.54
  188.2771     4000.54
  188.3439     4000.54
  188.3925     4000.54
  188.4443     4000.54
  188.4808     4000.54
  188.5452     4000.54
  188.6111     4000.54
  188.6603     4000.54
  188.7403     4000.54
  188.8027     4000.54
  188.8885     4000.54
  188.9905     4000.54
  189.0217     4000.54
  189.1070     4000.54
  189.1763     4000.54
  189.2523     4000.54
  189.3150     4000.54
  189.4274     4000.54
  189.5213     4000.54
  189.6243     4000.54
  189.6912     4000.54
  189.7826     4000.54
  189.8563     4000.54
  189.9415     4000.54
  189.9985     4000.54
  190.0799     4000.54
  190.1483     4000.54
  190.1912     4000.54
  190.3096     4000.54
  190.3883     4000.54
  190.4656     4000.54
  190.5443     4000.54
  190.6420     4000.54
  190.7084     4000.54
  190.7723     4000.54
  190.8243     4000.54
  190.9163     4000.54
  190.9604     4000.54
  191.0500     4000.54
  191.1268     4000.54
  191.1883     4000.54
  191.2403     4000.54
  191.3993     4000.54
  191.5052     4000.54
  191.5683     4000.54
  191.6264     4000.54
  191.7067     4000.54
  191.7910     4000.54
  191.8695     4000.54
  191.9688     4000.54
  192.0472     4000.54
  192.1258     4000.54
  192.1963     4000.54
  192.2775     4000.54
  192.3412     4000.54
  192.3989     4000.54
  192.4742     4000.54
  192.5443     4000.54
  192.5976     4000.54
  192.6963     4000.54
  192.7457     4000.54
  192.8323     4000.54
  192.9214     4000.54
  193.0203     4000.54
  193.0883     4000.54
  193.1403     4000.54
  193.1980     4000.54
  193.2712     4000.54
  193.3714     4000.54
  193.4664     4000.54
  193.5625     4000.54
  193.6323     4000.54
  193.6803     4000.54
  193.7363     4000.54
  193.8043     4000.54
  193.8353     4000.54
  193.8923     4000.54
  193.9645     4000.54
  194.0323     4000.54
  194.0683     4000.54
  194.1283     4000.54
  194.1714     4000.54
  194.2283     4000.54
  194.2759     4000.54
  194.3363     4000.54
  194.3753     4000.54
  194.4243     4000.54
  194.4803     4000.54
  194.5323     4000.54
  194.5723     4000.54
  194.6523     4000.54
  194.7643     4000.54
  194.8940     4000.54
  194.9593     4000.54
  195.0563     4000.54
  195.1544     4000.54
  195.2283     4000.54
  195.3302     4000.54
  195.4048     4000.54
  195.4843     4000.54
  195.5523     4000.54
  195.6450     4000.54
  195.7534     4000.54
  195.8158     4000.54
  195.8881     4000.54
  195.9804     4000.54
  196.0895     4000.54
  196.2483     4000.54
  196.3735     4000.54
  196.4512     4000.54
  196.5070     4000.54
  196.5941     4000.54
  196.6683     4000.54
  196.7605     4000.54
  196.8231     4000.54
  196.8923     4000.54
  196.9964     4000.54
  197.0542     4000.54
  197.1781     4000.54
  197.2887     4000.54
  197.3603     4000.54
  197.4089     4000.54
  197.4710     4000.54
  197.5323     4000.54
  197.6203     4000.54
  197.6890     4000.54
  197.7863     4000.54
  197.8222     4000.54
  197.9003     4000.54
  197.9608     4000.54
  198.0250     4000.54
  198.1168     4000.54
  198.1883     4000.54
  198.2723     4000.54
  198.3716     4000.54
  198.4563     4000.54
  198.4933     4000.54
  198.5689     4000.54
  198.6283     4000.54
  198.6808     4000.54
  198.7388     4000.54
  198.8003     4000.54
  198.8454     4000.54
  198.9059     4000.54
  198.9723     4000.54
  199.0305     4000.54
  199.0814     4000.54
  199.1433     4000.54
  199.1883     4000.54
  199.2448     4000.54
  199.3045     4000.54
  199.3763     4000.54
  199.4294     4000.54
  199.4857     4000.54
  199.5463     4000.54
  199.6003     4000.54
  199.6508     4000.54
  199.7064     4000.54
  199.7563     4000.54
  199.8163     4000.54
  199.8924     4000.54
  199.9403     4000.54
  200.0003     4000.54
  200.0376     4000.54
  200.1003     4000.54
  200.1458     4000.54
  200.2043     4000.54
  200.2523     4000.54
  200.2923     4000.54
  200.3403     4000.54
  200.3963     4000.54
  200.4763     4000.54
  200.5523     4000.54
  200.5926     4000.54
  200.6643     4000.54
  200.7175     4000.54
  200.7683     4000.54
  200.8060     4000.54
  200.8643     4000.54
  200.9094     4000.54
  200.9803     4000.54
  201.0403     4000.54
  201.1176     4000.54
  201.2123     4000.54
  201.2696     4000.54
  201.3443     4000.54
  201.3883     4000.54
  201.4483     4000.54
  201.5123     4000.54
  201.5843     4000.54
  201.6323     4000.54
  201.6843     4000.54
  201.7563     4000.54
  201.8283     4000.54
  201.9123     4000.54
  201.9803     4000.54
  202.0385     4000.54
  202.1137     4000.54
  202.1723     4000.54
  202.2234     4000.54
  202.2963     4000.54
  202.3383     4000.54
  202.3930     4000.54
  202.4563     4000.54
  202.5043     4000.54
  202.5500     4000.54
  202.6043     4000.54
  202.6643     4000.54
  202.7163     4000.54
  202.7603     4000.54
  202.7963     4000.54
  202.8603     4000.54
  202.9243     4000.54
  202.9883     4000.54
  203.0328     4000.54
  203.1005     4000.54
  203.1494     4000.54
  203.2139     4000.54
  203.2806     4000.54
  203.3333     4000.54
  203.3867     4000.54
  203.4450     4000.54
  203.5243     4000.54
  203.6399     4000.54
  203.6963     4000.54
  203.7527     4000.54
  203.8267     4000.54
  203.8816     4000.54
  203.9483     4000.54
  203.9715     4000.54
  204.0372     4000.54
  204.1003     4000.54
  204.1397     4000.54
  204.2123     4000.54
  204.2563     4000.54
  204.3123     4000.54
  204.3620     4000.54
  204.4195     4000.54
  204.4963     4000.54
  204.5458     4000.54
  204.6498     4000.54
  204.7136     4000.54
  204.7694     4000.54
  204.8403     4000.54
  204.9063     4000.54
  204.9723     4000.54
  205.0474     4000.54
  205.1046     4000.54
  205.2003     4000.54
  205.2452     4000.54
  205.3043     4000.54
  205.3603     4000.54
  205.4203     4000.54
  205.4624     4000.54
  205.5257     4000.54
  205.5894     4000.54
  205.6403     4000.54
  205.7163     4000.54
  205.7763     4000.54
  205.8283     4000.54
  207.1213     4000.54
  207.1740     4000.54
  207.2503     4000.54
  207.3413     4000.54
  207.4133     4000.54
  207.4911     4000.54
  207.5653     4000.54
  207.6293     4000.54
  207.6907     4000.54
  207.7813     4000.54
  207.8406     4000.54
  207.9295     4000.54
  208.0373     4000.54
  208.0910     4000.54
  208.1698     4000.54
  208.2352     4000.54
  208.3146     4000.54
  208.3815     4000.54
  208.4901     4000.54
  208.5391     4000.54
  208.6371     4000.54
  208.7000     4000.54
  208.8023     4000.54
  208.8703     4000.54
  208.9333     4000.54
  208.9853     4000.54
  209.0613     4000.54
  209.1154     4000.54
  209.1907     4000.54
  209.2493     4000.54
  209.3090     4000.54
  209.3893     4000.54
  209.4733     4000.54
  209.5538     4000.54
  209.6196     4000.54
  209.6853     4000.54
  209.7285     4000.54
  209.7853     4000.54
  209.8333     4000.54
  209.8773     4000.54
  209.9293     4000.54
  209.9717     4000.54
  210.0373     4000.54
  210.0773     4000.54
  210.1333     4000.54
  210.2013     4000.54
  210.2653     4000.54
  210.3123     4000.54
  210.3693     4000.54
  210.4134     4000.54
  210.4663     4000.54
  210.5191     4000.54
  210.5893     4000.54
  210.6253     4000.54
  210.6813     4000.54
  210.7253     4000.54
  210.7821     4000.54
  210.8373     4000.54
  210.9493     4000.54
  210.9912     4000.54
  211.0613     4000.54
  211.1253     4000.54
  211.1617     4000.54
  211.2173     4000.54
  211.2505     4000.54
  211.3213     4000.54
  211.3813     4000.54
  211.4493     4000.54
  211.5148     4000.54
  211.5662     4000.54
  211.6161     4000.54
  211.6733     4000.54
  211.7373     4000.54
  211.8105     4000.54
  211.8693     4000.54
  211.9175     4000.54
  211.9653     4000.54
  212.0215     4000.54
  212.0893     4000.54
  212.1484     4000.54
  212.1973     4000.54
  212.2655     4000.54
  212.3173     4000.54
  212.3653     4000.54
  212.4253     4000.54
  212.4604     4000.54
  212.5173     4000.54
  212.5733     4000.54
  212.6119     4000.54
  212.6693     4000.54
  212.7209     4000.54
  212.7693     4000.54
  212.8339     4000.54
  212.9224     4000.54
  213.0293     4000.54
  213.0644     4000.54
  213.1453     4000.54
  213.2333     4000.54
  213.3493     4000.54
  213.4462     4000.54
  213.5155     4000.54
  213.5699     4000.54
  213.6342     4000.54
  213.7058     4000.54
  213.7653     4000.54
  213.8361     4000.54
  213.9053     4000.54
  213.9691     4000.54
  214.0352     4000.54
  214.1134     4000.54
  214.1837     4000.54
  214.2413     4000.54
  214.2995     4000.54
  214.3848     4000.54
  214.4733     4000.54
  214.5493     4000.54
  214.6053     4000.54
  214.6534     4000.54
  214.7013     4000.54
  214.7480     4000.54
  214.8135     4000.54
  214.8933     4000.54
  214.9435     4000.54
  215.0201     4000.54
  215.1214     4000.54
  215.1806     4000.54
  215.2438     4000.54
  215.3256     4000.54
  215.3602     4000.54
  215.4573     4000.54
  215.5175     4000.54
  215.6241     4000.54
  215.6973     4000.54
  215.7985     4000.54
  215.9051     4000.54
  215.9853     4000.54
  216.0433     4000.54
  216.0902     4000.54
  216.1365     4000.54
  216.1973     4000.54
  216.2741     4000.54
  216.3210     4000.54
  216.4013     4000.54
  216.4671     4000.54
  216.5194     4000.54
  216.6013     4000.54
  216.6693     4000.54
  216.7213     4000.54
  216.7658     4000.54
  216.8293     4000.54
  216.8693     4000.54
  216.9053     4000.54
  216.9477     4000.54
  217.0000     4000.54
  217.0853     4000.54
  217.1386     4000.54
  217.1893     4000.54
  217.2413     4000.54
  217.2740     4000.54
  217.3293     4000.54
  217.3687     4000.54
  217.4373     4000.54
  217.4842     4000.54
  217.5453     4000.54
  217.5804     4000.54
  217.6333     4000.54
  217.6773     4000.54
  217.7194     4000.54
  217.7893     4000.54
  217.8653     4000.54
  217.9071     4000.54
  217.9567     4000.54
  218.0413     4000.54
  218.0893     4000.54
  218.1417     4000.54
  218.2053     4000.54
  218.2773     4000.54
  218.3423     4000.54
  218.4133     4000.54
  218.4726     4000.54
  218.5614     4000.54
  218.6253     4000.54
  218.7013     4000.54
  218.7933     4000.54
  218.8533     4000.54
  218.9058     4000.54
  218.9893     4000.54
  219.0613     4000.54
  219.1453     4000.54
  219.2116     4000.54
  219.2973     4000.54
  219.3533     4000.54
  219.4133     4000.54
  219.4773     4000.54
  219.5453     4000.54
  219.6053     4000.54
  219.6664     4000.54
  219.7454     4000.54
  219.8237     4000.54
  219.8693     4000.54
  219.9546     4000.54
  220.0173     4000.54
  220.0650     4000.54
  220.1413     4000.54
  220.1749     4000.54
  220.2391     4000.54
  220.2979     4000.54
  220.3653     4000.54
  220.4333     4000.54
  220.4947     4000.54
  220.5623     4000.54
  220.6573     4000.54
  220.7024     4000.54
  220.7768     4000.54
  220.8546     4000.54
  220.9263     4000.54
  220.9927     4000.54
  221.0545     4000.54
  221.1090     4000.54
  221.1731     4000.54
  221.2413     4000.54
  221.3158     4000.54
  221.3708     4000.54
  221.4339     4000.54
  221.4973     4000.54
  221.5423     4000.54
  221.6373     4000.54
  221.6853     4000.54
  221.7813     4000.54
  221.8773     4000.54
  221.9784     4000.54
  222.0613     4000.54
  222.1373     4000.54
  222.2084     4000.54
  222.2813     4000.54
  222.3265     4000.54
  222.3853     4000.54
  222.4288     4000.54
  222.4873     4000.54
  222.5474     4000.54
  222.6013     4000.54
  222.6472     4000.54
  222.7013     4000.54
  222.7560     4000.54
  222.8308     4000.54
  222.9053     4000.54
  222.9515     4000.54
  223.0253     4000.54
  223.0805     4000.54
  223.1292     4000.54
  223.1813     4000.54
  223.2453     4000.54
  223.3013     4000.54
  223.3447     4000.54
  223.4070     4000.54
  223.4784     4000.54
  223.5533     4000.54
  223.6274     4000.54
  223.6893     4000.54
  223.7516     4000.54
  223.8211     4000.54
  223.8862     4000.54
  223.9387     4000.54
  224.0053     4000.54
  224.0521     4000.54
  224.1213     4000.54
  224.1855     4000.54
  224.2417     4000.54
  224.3013     4000.54
  224.3549     4000.54
  224.4185     4000.54
  224.4800     4000.54
  224.5373     4000.54
  224.5880     4000.54
  224.6613     4000.54
  224.7253     4000.54
  224.7854     4000.54
  224.8373     4000.54
  224.8793     4000.54
  224.9493     4000.54
  224.9987     4000.54
  225.0613     4000.54
  225.1293     4000.54
  225.1854     4000.54
  225.2341     4000.54
  225.2830     4000.54
  225.3333     4000.54
  225.3994     4000.54
  225.4613     4000.54
  225.5064     4000.54
  225.5508     4000.54
  225.6013     4000.54
  225.6573     4000.54
  225.7213     4000.54
  225.7853     4000.54
  225.8213     4000.54
  225.8733     4000.54
  225.9464     4000.54
  225.9941     4000.54
  226.0813     4000.54
  226.1180     4000.54
  226.1528     4000.54
  226.2253     4000.54
  226.2813     4000.54
  226.3253     4000.54
  226.3933     4000.54
  226.4333     4000.54
  226.4860     4000.54
  226.5374     4000.54
  226.5734     4000.54
  226.6333     4000.54
  226.6733     4000.54
  226.7373     4000.54
  226.7775     4000.54
  226.8373     4000.54
  226.9013     4000.54
  226.9755     4000.54
  227.0318     4000.54
  227.1333     4000.54
  227.2196     4000.54
  227.2995     4000.54
  227.3733     4000.54
  227.4373     4000.54
  227.5325     4000.54
  227.5933     4000.54
  227.6677     4000.54
  227.7293     4000.54
  227.7853     4000.54
  227.8312     4000.54
  227.8933     4000.54
  227.9505     4000.54
  227.9988     4000.54
  228.0696     4000.54
  228.1243     4000.54
  228.2183     4000.54
  228.3055     4000.54
  228.4414     4000.54
  228.5405     4000.54
  228.6347     4000.54
  228.7254     4000.54
  228.7933     4000.54
  228.8489     4000.54
  228.9453     4000.54
  229.0291     4000.54
  229.0914     4000.54
  229.1533     4000.54
  229.2148     4000.54
  229.2853     4000.54
  229.3620     4000.54
  229.4338     4000.54
  229.5084     4000.54
  229.5721     4000.54
  229.6262     4000.54
  229.6954     4000.54
  229.7470     4000.54
  229.8120     4000.54
  229.8693     4000.54
  229.9373     4000.54
  229.9923     4000.54
  230.0453     4000.54
  230.0991     4000.54
  230.2013     4000.54
  230.2279     4000.54
  230.2900     4000.54
  230.3437     4000.54
  230.4028     4000.54
  230.4895     4000.54
  230.5421     4000.54
  230.5973     4000.54
  230.6510     4000.54
  230.7100     4000.54
  230.7662     4000.54
  230.8163     4000.54
  230.8842     4000.54
  230.9415     4000.54
  230.9973     4000.54
  231.0373     4000.54
  231.1218     4000.54
  231.1991     4000.54
  231.2504     4000.54
  231.3019     4000.54
  231.3666     4000.54
  231.4162     4000.54
  231.5053     4000.54
  231.5663     4000.54
  231.6128     4000.54
  231.6693     4000.54
  231.7272     4000.54
  231.7968     4000.54
  231.8638     4000.54
  231.9276     4000.54
  231.9933     4000.54
  232.0653     4000.54
  232.1391     4000.54
  232.1813     4000.54
  232.2221     4000.54
  232.2973     4000.54
  232.3493     4000.54
  232.4173     4000.54
  232.4684     4000.54
  232.5213     4000.54
  232.5690     4000.54
  232.6293     4000.54
  232.6733     4000.54
  232.7508     4000.54
  232.8053     4000.54
  232.8573     4000.54
  232.9075     4000.54
  232.9622     4000.54
  233.0573     4000.54
  233.1099     4000.54
  233.1770     4000.54
  233.2813     4000.54
  233.3287     4000.54
  233.3933     4000.54
  233.4413     4000.54
  233.4789     4000.54
  233.5658     4000.54
  233.6213     4000.54
  233.6660     4000.54
  233.7293     4000.54
  233.7719     4000.54
  233.8293     4000.54
  233.8853     4000.54
  233.9533     4000.54
  234.0093     4000.54
  234.0601     4000.54
  234.1093     4000.54
  234.1573     4000.54
  234.2293     4000.54
  234.2860     4000.54
  234.3680     4000.54
  234.4933     4000.54
  234.5489     4000.54
  234.6733     4000.54
  234.7373     4000.54
  234.7946     4000.54
  234.8813     4000.54
  234.9333     4000.54
  234.9681     4000.54
  235.0373     4000.54
  235.0927     4000.54
  235.1695     4000.54
  235.2198     4000.54
  235.2853     4000.54
  235.3293     4000.54
  235.3928     4000.54
  235.4573     4000.54
  235.5053     4000.54
  235.5573     4000.54
  235.6093     4000.54
  235.6666     4000.54
  235.7299     4000.54
  235.7977     4000.54
  235.8613     4000.54
  235.9293     4000.54
  235.9772     4000.54
  236.0373     4000.54
  236.0973     4000.54
  236.1387     4000.54
  236.1973     4000.54
  236.2410     4000.54
  236.2973     4000.54
  236.3526     4000.54
  236.4213     4000.54
  236.4876     4000.54
  236.5466     4000.54
  236.6173     4000.54
  236.6567     4000.54
  236.7173     4000.54
  236.7659     4000.54
  236.8253     4000.54
  236.8650     4000.54
  236.9335     4000.54
  236.9893     4000.54
  237.0259     4000.54
  237.0893     4000.54
  237.1116     4000.54
  237.1533     4000.54
  237.2144     4000.54
  237.2734     4000.54
  237.3493     4000.54
  237.3998     4000.54
  237.4773     4000.54
  237.5222     4000.54
  237.6150     4000.54
  237.7502     4000.54
  237.8283     4000.54
  237.8953     4000.54
  237.9811     4000.54
  238.0292     4000.54
  238.0923     4000.54
  238.1493     4000.54
  238.2005     4000.54
  238.2733     4000.54
  238.3283     4000.54
  238.3956     4000.54
  238.4519     4000.54
  238.5094     4000.54
  238.5693     4000.54
  238.6012     4000.54
  238.6591     4000.54
  238.7151     4000.54
  238.7790     4000.54
  238.8631     4000.54
  238.9198     4000.54
  238.9874     4000.54
  239.0447     4000.54
  239.1213     4000.54
  239.1926     4000.54
  239.2514     4000.54
  239.3076     4000.54
  239.3813     4000.54
  239.4195     4000.54
  239.5013     4000.54
  239.5531     4000.54
  240.8507     4000.54
  240.8975     4000.54
  240.9641     4000.54
  241.0199     4000.54
  241.0881     4000.54
  241.1344     4000.54
  241.1959     4000.54
  241.2681     4000.54
  241.3130     4000.54
  241.3721     4000.54
  241.4210     4000.54
  241.4810     4000.54
  241.5602     4000.54
  241.6212     4000.54
  241.6691     4000.54
  241.7321     4000.54
  241.7762     4000.54
  241.8452     4000.54
  241.9081     4000.54
  241.9601     4000.54
  242.0485     4000.54
  242.0940     4000.54
  242.1761     4000.54
  242.2544     4000.54
  242.3070     4000.54
  242.3854     4000.54
  242.4587     4000.54
  242.5321     4000.54
  242.5921     4000.54
  242.6493     4000.54
  242.7244     4000.54
  242.7881     4000.54
  242.8682     4000.54
  242.9257     4000.54
  242.9822     4000.54
  243.0361     4000.54
  243.1020     4000.54
  243.1601     4000.54
  243.2201     4000.54
  243.2801     4000.54
  243.3441     4000.54
  243.4121     4000.54
  243.4841     4000.54
  243.5226     4000.54
  243.5761     4000.54
  243.6241     4000.54
  243.6618     4000.54
  243.7201     4000.54
  243.7641     4000.54
  243.8241     4000.54
  243.8770     4000.54
  243.9441     4000.54
  243.9821     4000.54
  244.0288     4000.54
  244.0841     4000.54
  244.1441     4000.54
  244.1921     4000.54
  244.2441     4000.54
  244.3001     4000.54
  244.3345     4000.54
  244.3921     4000.54
  244.4416     4000.54
  244.4747     4000.54
  244.5441     4000.54
  244.6001     4000.54
  244.6440     4000.54
  244.7001     4000.54
  244.7347     4000.54
  244.7801     4000.54
  244.8251     4000.54
  244.8761     4000.54
  244.9361     4000.54
  244.9835     4000.54
  245.0321     4000.54
  245.0631     4000.54
  245.1121     4000.54
  245.1641     4000.54
  245.2142     4000.54
  245.2639     4000.54
  245.3241     4000.54
  245.3652     4000.54
  245.4361     4000.54
  245.4801     4000.54
  245.5321     4000.54
  245.5857     4000.54
  245.6401     4000.54
  245.7081     4000.54
  245.7610     4000.54
  245.8277     4000.54
  245.8762     4000.54
  245.9323     4000.54
  246.0042     4000.54
  246.0488     4000.54
  246.1441     4000.54
  246.1885     4000.54
  246.2681     4000.54
  246.3201     4000.54
  246.3641     4000.54
  246.4321     4000.54
  246.4720     4000.54
  246.5210     4000.54
  246.5734     4000.54
  246.6281     4000.54
  246.6763     4000.54
  246.7481     4000.54
  246.8012     4000.54
  246.8759     4000.54
  246.9561     4000.54
  247.0056     4000.54
  247.0651     4000.54
  247.1127     4000.54
  247.1568     4000.54
  247.2172     4000.54
  247.2721     4000.54
  247.3306     4000.54
  247.3814     4000.54
  247.4805     4000.54
  247.5749     4000.54
  247.6701     4000.54
  247.7587     4000.54
  247.8522     4000.54
  247.9225     4000.54
  248.0146     4000.54
  248.0964     4000.54
  248.1893     4000.54
  248.3025     4000.54
  248.3841     4000.54
  248.4592     4000.54
  248.5258     4000.54
  248.6344     4000.54
  248.7031     4000.54
  248.7997     4000.54
  248.8647     4000.54
  248.9361     4000.54
  249.0050     4000.54
  249.0682     4000.54
  249.1044     4000.54
  249.1601     4000.54
  249.2361     4000.54
  249.3025     4000.54
  249.3641     4000.54
  249.4241     4000.54
  249.4625     4000.54
  249.5253     4000.54
  249.5911     4000.54
  249.6921     4000.54
  249.7801     4000.54
  249.8505     4000.54
  249.9242     4000.54
  250.0005     4000.54
  250.0615     4000.54
  250.1705     4000.54
  250.2441     4000.54
  250.3321     4000.54
  250.3687     4000.54
  250.4361     4000.54
  250.4845     4000.54
  250.5335     4000.54
  250.5812     4000.54
  250.6361     4000.54
  250.6940     4000.54
  250.7881     4000.54
  250.8601     4000.54
  250.9081     4000.54
  250.9841     4000.54
  251.0381     4000.54
  251.1205     4000.54
  251.1841     4000.54
  251.2466     4000.54
  251.3088     4000.54
  251.3859     4000.54
  251.4379     4000.54
  251.5316     4000.54
  251.6121     4000.54
  251.6691     4000.54
  251.7401     4000.54
  251.8201     4000.54
  251.9281     4000.54
  251.9689     4000.54
  252.0498     4000.54
  252.1321     4000.54
  252.1963     4000.54
  252.2530     4000.54
  252.3290     4000.54
  252.4046     4000.54
  252.4617     4000.54
  252.5087     4000.54
  252.5841     4000.54
  252.6441     4000.54
  252.7321     4000.54
  252.7801     4000.54
  252.8426     4000.54
  252.9441     4000.54
  252.9799     4000.54
  253.0352     4000.54
  253.1121     4000.54
  253.1721     4000.54
  253.2401     4000.54
  253.3161     4000.54
  253.3701     4000.54
  253.4416     4000.54
  253.4949     4000.54
  253.6041     4000.54
  253.6496     4000.54
  253.7321     4000.54
  253.8228     4000.54
  253.8692     4000.54
  253.9423     4000.54
  253.9919     4000.54
  254.0521     4000.54
  254.0899     4000.54
  254.1401     4000.54
  254.1881     4000.54
  254.2128     4000.54
  254.2761     4000.54
  254.3481     4000.54
  254.3961     4000.54
  254.4521     4000.54
  254.5241     4000.54
  254.5736     4000.54
  254.6481     4000.54
  254.7010     4000.54
  254.7791     4000.54
  254.8361     4000.54
  254.8841     4000.54
  254.9441     4000.54
  255.0141     4000.54
  255.1001     4000.54
  255.1464     4000.54
  255.2121     4000.54
  255.2721     4000.54
  255.3187     4000.54
  255.3921     4000.54
  255.4543     4000.54
  255.5190     4000.54
  255.5761     4000.54
  255.6373     4000.54
  255.7521     4000.54
  255.8144     4000.54
  255.8702     4000.54
  255.9121     4000.54
  255.9582     4000.54
  256.0411     4000.54
  256.0897     4000.54
  256.1850     4000.54
  256.3322     4000.54
  256.4140     4000.54
  256.4988     4000.54
  256.6002     4000.54
  256.6813     4000.54
  256.7658     4000.54
  256.8409     4000.54
  256.9171     4000.54
  256.9790     4000.54
  257.0576     4000.54
  257.1319     4000.54
  257.1899     4000.54
  257.3481     4000.54
  257.4201     4000.54
  257.4881     4000.54
  257.5761     4000.54
  257.6731     4000.54
  257.7771     4000.54
  257.8681     4000.54
  257.9410     4000.54
  258.0175     4000.54
  258.0841     4000.54
  258.1401     4000.54
  258.2105     4000.54
  258.2881     4000.54
  258.3801     4000.54
  258.4481     4000.54
  258.5281     4000.54
  258.6081     4000.54
  258.6890     4000.54
  258.7601     4000.54
  258.8281     4000.54
  258.9168     4000.54
  258.9881     4000.54
  259.0681     4000.54
  259.1330     4000.54
  259.2697     4000.54
  259.3641     4000.54
  259.4881     4000.54
  259.5491     4000.54
  259.6321     4000.54
  259.7121     4000.54
  259.7801     4000.54
  259.8281     4000.54
  259.8681     4000.54
  259.9721     4000.54
  260.0241     4000.54
  260.0921     4000.54
  260.1441     4000.54
  260.1961     4000.54
  260.2521     4000.54
  260.3082     4000.54
  260.3761     4000.54
  260.4403     4000.54
  260.5104     4000.54
  260.5681     4000.54
  260.6521     4000.54
  260.7291     4000.54
  260.7896     4000.54
  260.8390     4000.54
  260.8936     4000.54
  260.9481     4000.54
  261.0023     4000.54
  261.0556     4000.54
  261.1067     4000.54
  261.1694     4000.54
  261.2401     4000.54
  261.2933     4000.54
  261.3457     4000.54
  261.4121     4000.54
  261.4611     4000.54
  261.5146     4000.54
  261.5882     4000.54
  261.6587     4000.54
  261.7161     4000.54
  261.7669     4000.54
  261.8521     4000.54
  261.9201     4000.54
  261.9921     4000.54
  262.0408     4000.54
  262.0961     4000.54
  262.1353     4000.54
  262.2121     4000.54
  262.2721     4000.54
  262.3151     4000.54
  262.3883     4000.54
  262.4602     4000.54
  262.5254     4000.54
  262.5635     4000.54
  262.6401     4000.54
  262.7232     4000.54
  262.7921     4000.54
  262.8653     4000.54
  262.9261     4000.54
  262.9921     4000.54
  263.0626     4000.54
  263.1201     4000.54
  263.2177     4000.54
  263.3253     4000.54
  263.4221     4000.54
  263.5208     4000.54
  263.5961     4000.54
  263.6641     4000.54
  263.7321     4000.54
  263.8146     4000.54
  263.8891     4000.54
  263.9681     4000.54
  264.0401     4000.54
  264.1121     4000.54
  264.1710     4000.54
  264.2429     4000.54
  264.3258     4000.54
  264.4041     4000.54
  264.5401     4000.54
  264.6113     4000.54
  264.7207     4000.54
  264.7723     4000.54
  264.8219     4000.54
  264.8889     4000.54
  264.9934     4000.54
  265.0721     4000.54
  265.1482     4000.54
  265.2021     4000.54
  265.3225     4000.54
  265.4106     4000.54
  265.4625     4000.54
  265.6003     4000.54
  265.6842     4000.54
  265.7565     4000.54
  265.8680     4000.54
  265.9237     4000.54
  266.0080     4000.54
  266.1280     4000.54
  266.2361     4000.54
  266.2909     4000.54
  266.3801     4000.54
  266.4401     4000.54
  266.5020     4000.54
  266.6041     4000.54
  266.6907     4000.54
  266.8055     4000.54
  266.8659     4000.54
  266.9321     4000.54
  267.0268     4000.54
  267.1166     4000.54
  267.1921     4000.54
  267.2761     4000.54
  267.3604     4000.54
  267.4162     4000.54
  267.4579     4000.54
  267.5332     4000.54
  267.6201     4000.54
  267.7217     4000.54
  267.7744     4000.54
  267.8409     4000.54
  267.9241     4000.54
  268.0441     4000.54
  268.0906     4000.54
  268.1601     4000.54
  268.2221     4000.54
  268.3451     4000.54
  268.4281     4000.54
  268.5366     4000.54
  268.5951     4000.54
  268.6521     4000.54
  268.7394     4000.54
  268.8761     4000.54
  268.9483     4000.54
  269.0841     4000.54
  269.1441     4000.54
  269.2252     4000.54
  269.3140     4000.54
  269.4161     4000.54
  269.4823     4000.54
  269.5538     4000.54
  269.6161     4000.54
  269.6976     4000.54
  269.7921     4000.54
  269.8801     4000.54
  269.9346     4000.54
  269.9820     4000.54
  270.0547     4000.54
  270.1022     4000.54
  270.1882     4000.54
  270.2761     4000.54
  270.3961     4000.54
  270.4729     4000.54
  270.5552     4000.54
  270.6604     4000.54
  270.7494     4000.54
  270.8305     4000.54
  270.9186     4000.54
  270.9748     4000.54
  271.0561     4000.54
  271.1163     4000.54
  271.2216     4000.54
  271.3143     4000.54
  271.4002     4000.54
  271.4897     4000.54
  271.5585     4000.54
  271.6174     4000.54
  271.6857     4000.54
  271.7682     4000.54
  271.8472     4000.54
  271.9584     4000.54
  272.0242     4000.54
  272.0487     4000.54
  272.0819     4000.54
  272.1945     4000.54
  272.2658     4000.54
  272.3306     4000.54
  272.4132     4000.54
  272.4700     4000.54
  272.5401     4000.54
  272.6059     4000.54
  272.7206     4000.54
  272.8243     4000.54
  272.9145     4000.54
  273.0242     4000.54
  273.1121     4000.54
  273.1769     4000.54
  273.2233     4000.54
  273.3121     4000.54
  274.6617     4000.54
  274.7613     4000.54
  274.8812     4000.54
  274.9491     4000.54
  274.9940     4000.54
  275.0750     4000.54
  275.1280     4000.54
  275.2110     4000.54
  275.2874     4000.54
  275.3630     4000.54
  275.4230     4000.54
  275.4730     4000.54
  275.5430     4000.54
  275.6163     4000.54
  275.7030     4000.54
  275.7550     4000.54
  275.8230     4000.54
  275.8790     4000.54
  275.9550     4000.54
  276.0230     4000.54
  276.0830     4000.54
  276.1750     4000.54
  276.2150     4000.54
  276.2794     4000.54
  276.3390     4000.54
  276.3901     4000.54
  276.4470     4000.54
  276.5150     4000.54
  276.5710     4000.54
  276.6390     4000.54
  276.7030     4000.54
  276.7710     4000.54
  276.8135     4000.54
  276.8910     4000.54
  276.9458     4000.54
  277.0430     4000.54
  277.0950     4000.54
  277.1647     4000.54
  277.2210     4000.54
  277.2686     4000.54
  277.3430     4000.54
  277.3990     4000.54
  277.4712     4000.54
  277.5310     4000.54
  277.5888     4000.54
  277.6489     4000.54
  277.7230     4000.54
  277.7847     4000.54
  277.8511     4000.54
  277.9230     4000.54
  278.0030     4000.54
  278.0621     4000.54
  278.1350     4000.54
  278.1990     4000.54
  278.2510     4000.54
  278.3030     4000.54
  278.3653     4000.54
  278.4280     4000.54
  278.4670     4000.54
  278.5189     4000.54
  278.5950     4000.54
  278.6590     4000.54
  278.7150     4000.54
  278.7684     4000.54
  278.8204     4000.54
  278.8763     4000.54
  278.9430     4000.54
  278.9990     4000.54
  279.0571     4000.54
  279.1331     4000.54
  279.1779     4000.54
  279.2670     4000.54
  279.2975     4000.54
  279.3550     4000.54
  279.4158     4000.54
  279.4787     4000.54
  279.5470     4000.54
  279.5990     4000.54
  279.6550     4000.54
  279.7014     4000.54
  279.7550     4000.54
  279.8020     4000.54
  279.8710     4000.54
  279.8967     4000.54
  279.9670     4000.54
  280.0174     4000.54
  280.1121     4000.54
  280.1614     4000.54
  280.2190     4000.54
  280.3044     4000.54
  280.3684     4000.54
  280.4150     4000.54
  280.4582     4000.54
  280.5590     4000.54
  280.6390     4000.54
  280.7041     4000.54
  280.7830     4000.54
  280.8318     4000.54
  280.9056     4000.54
  280.9750     4000.54
  281.0283     4000.54
  281.1110     4000.54
  281.1790     4000.54
  281.2224     4000.54
  281.2792     4000.54
  281.3618     4000.54
  281.4117     4000.54
  281.4630     4000.54
  281.5510     4000.54
  281.5990     4000.54
  281.6878     4000.54
  281.7566     4000.54
  281.8306     4000.54
  281.9190     4000.54
  281.9719     4000.54
  282.0190     4000.54
  282.0875     4000.54
  282.1630     4000.54
  282.2202     4000.54
  282.2679     4000.54
  282.3302     4000.54
  282.4030     4000.54
  282.4571     4000.54
  282.5269     4000.54
  282.5926     4000.54
  282.6597     4000.54
  282.7350     4000.54
  282.7990     4000.54
  282.8670     4000.54
  282.9133     4000.54
  282.9750     4000.54
  283.0330     4000.54
  283.0900     4000.54
  283.1550     4000.54
  283.2147     4000.54
  283.2821     4000.54
  283.3590     4000.54
  283.4110     4000.54
  283.4630     4000.54
  283.5250     4000.54
  283.6070     4000.54
  283.6750     4000.54
  283.7390     4000.54
  283.7937     4000.54
  283.8592     4000.54
  283.9169     4000.54
  283.9725     4000.54
  284.0210     4000.54
  284.0832     4000.54
  284.1350     4000.54
  284.1790     4000.54
  284.2431     4000.54
  284.3030     4000.54
  284.3447     4000.54
  284.4138     4000.54
  284.4910     4000.54
  284.5350     4000.54
  284.6030     4000.54
  284.6630     4000.54
  284.7230     4000.54
  284.7751     4000.54
  284.8350     4000.54
  284.8950     4000.54
  284.9352     4000.54
  284.9915     4000.54
  285.0510     4000.54
  285.0990     4000.54
  285.1501     4000.54
  285.2143     4000.54
  285.2599     4000.54
  285.3150     4000.54
  285.3615     4000.54
  285.4175     4000.54
  285.4870     4000.54
  285.5339     4000.54
  285.5910     4000.54
  285.6541     4000.54
  285.7190     4000.54
  285.7910     4000.54
  285.8430     4000.54
  285.9115     4000.54
  285.9852     4000.54
  286.0955     4000.54
  286.1832     4000.54
  286.2554     4000.54
  286.3310     4000.54
  286.4276     4000.54
  286.4912     4000.54
  286.5754     4000.54
  286.6230     4000.54
  286.6584     4000.54
  286.7374     4000.54
  286.8168     4000.54
  286.9084     4000.54
  286.9575     4000.54
  287.0364     4000.54
  287.1213     4000.54
  287.1734     4000.54
  287.2510     4000.54
  287.3630     4000.54
  287.4154     4000.54
  287.4950     4000.54
  287.5934     4000.54
  287.6453     4000.54
  287.7046     4000.54
  287.8212     4000.54
  287.9230     4000.54
  287.9914     4000.54
  288.0721     4000.54
  288.1203     4000.54
  288.2006     4000.54
  288.2670     4000.54
  288.4030     4000.54
  288.4621     4000.54
  288.5670     4000.54
  288.6350     4000.54
  288.6888     4000.54
  288.8084     4000.54
  288.8910     4000.54
  288.9373     4000.54
  289.0190     4000.54
  289.0830     4000.54
  289.1329     4000.54
  289.2150     4000.54
  289.2910     4000.54
  289.3398     4000.54
  289.3894     4000.54
  289.4818     4000.54
  289.5550     4000.54
  289.6096     4000.54
  289.6751     4000.54
  289.7474     4000.54
  289.7982     4000.54
  289.8910     4000.54
  289.9459     4000.54
  290.0190     4000.54
  290.0709     4000.54
  290.1413     4000.54
  290.2229     4000.54
  290.3410     4000.54
  290.3959     4000.54
  290.4405     4000.54
  290.6150     4000.54
  290.7019     4000.54
  290.7588     4000.54
  290.8837     4000.54
  290.9415     4000.54
  291.0150     4000.54
  291.1133     4000.54
  291.1629     4000.54
  291.2486     4000.54
  291.3281     4000.54
  291.4158     4000.54
  291.4622     4000.54
  291.5030     4000.54
  291.5950     4000.54
  291.6671     4000.54
  291.7270     4000.54
  291.8150     4000.54
  291.8790     4000.54
  291.9835     4000.54
  292.0805     4000.54
  292.1350     4000.54
  292.2012     4000.54
  292.3073     4000.54
  292.4190     4000.54
  292.4991     4000.54
  292.5790     4000.54
  292.6207     4000.54
  292.6790     4000.54
  292.7805     4000.54
  292.8590     4000.54
  292.9296     4000.54
  293.0078     4000.54
  293.0734     4000.54
  293.1750     4000.54
  293.2510     4000.54
  293.3283     4000.54
  293.4095     4000.54
  293.4910     4000.54
  293.5710     4000.54
  293.6449     4000.54
  293.7055     4000.54
  293.7971     4000.54
  293.8482     4000.54
  293.9288     4000.54
  293.9816     4000.54
  294.0725     4000.54
  294.1251     4000.54
  294.1990     4000.54
  294.2750     4000.54
  294.3503     4000.54
  294.4630     4000.54
  294.5404     4000.54
  294.6075     4000.54
  294.6790     4000.54
  294.8070     4000.54
  294.8456     4000.54
  294.9052     4000.54
  294.9981     4000.54
  295.1030     4000.54
  295.1684     4000.54
  295.2470     4000.54
  295.3270     4000.54
  295.4260     4000.54
  295.4933     4000.54
  295.5562     4000.54
  295.6230     4000.54
  295.6790     4000.54
  295.7435     4000.54
  295.8070     4000.54
  295.8591     4000.54
  295.9190     4000.54
  295.9633     4000.54
  296.0390     4000.54
  296.0963     4000.54
  296.1589     4000.54
  296.2070     4000.54
  296.2881     4000.54
  296.3550     4000.54
  296.4139     4000.54
  296.4673     4000.54
  296.5350     4000.54
  296.5990     4000.54
  296.6546     4000.54
  296.7196     4000.54
  296.8015     4000.54
  296.8734     4000.54
  296.9488     4000.54
  297.0218     4000.54
  297.1110     4000.54
  297.2150     4000.54
  297.2814     4000.54
  297.3837     4000.54
  297.4630     4000.54
  297.5950     4000.54
  297.6814     4000.54
  297.8159     4000.54
  297.9038     4000.54
  298.0115     4000.54
  298.0616     4000.54
  298.1443     4000.54
  298.3050     4000.54
  298.3565     4000.54
  298.4455     4000.54
  298.5714     4000.54
  298.6270     4000.54
  298.6942     4000.54
  298.7897     4000.54
  298.8276     4000.54
  298.8885     4000.54
  298.9630     4000.54
  299.0232     4000.54
  299.0750     4000.54
  299.1384     4000.54
  299.1950     4000.54
  299.2470     4000.54
  299.3054     4000.54
  299.3910     4000.54
  299.4465     4000.54
  299.5110     4000.54
  299.5670     4000.54
  299.6190     4000.54
  299.6590     4000.54
  299.7350     4000.54
  299.7765     4000.54
  299.8212     4000.54
  299.8950     4000.54
  299.9609     4000.54
  300.0095     4000.54
