    0.0691     4593.03
    0.1484     4593.03
    0.2053     4593.03
    0.2884     4593.03
    0.3513     4395.13
    0.4324     4395.13
    0.5004     4395.13
    0.5964     4395.13
    0.6832     4395.13
    0.7684     4254.04
    0.8244     4229.83
    0.9164     4229.83
    0.9882     4229.83
    1.0684     4229.83
    1.1225     4229.83
    1.2710     4229.83
    1.3448     4229.83
    1.4244     4229.83
    1.4964     4229.83
    1.5684     4229.83
    1.6164     4229.83
    1.6523     4229.83
    1.6964     4229.83
    1.7589     4229.83
    1.8314     4229.83
    1.9304     3879.29
    2.0042     3879.29
    2.1742     3879.29
    2.2531     3879.29
    2.3935     3879.29
    2.5164     3879.29
    2.6108     3879.29
    2.7215     3879.29
    2.8097     3879.29
    2.9503     3879.29
    3.0724     3879.29
    3.1604     3879.29
    3.2341     3879.29
    3.3396     3879.29
    3.4301     3879.29
    3.5564     3879.29
    3.6164     3879.29
    3.7324     3879.29
    3.8244     3879.29
    3.9045     3879.29
    4.0448     3879.29
    4.1410     3879.29
    4.2907     3879.29
    4.3964     3879.29
    4.4368     3879.29
    4.5004     3879.29
    4.5724     3879.29
    4.6646     3879.29
    4.7604     3879.29
    4.8604     3879.29
    4.9168     3879.29
    5.0484     3879.29
    5.1124     3879.29
    5.1767     3879.29
    5.2604     3879.29
    5.3241     3879.29
    5.4004     3879.29
    5.5724     3879.29
    5.6307     3879.29
    5.7411     3879.29
    5.8334     3879.29
    5.9089     3879.29
    6.0111     3879.29
    6.0768     3879.29
    6.1456     3879.29
    6.2404     3879.29
    6.3084     3879.29
    6.3764     3879.29
    6.4644     3879.29
    6.5537     3879.29
    6.6530     3879.29
    6.7529     3879.29
    6.8444     3879.29
    6.9004     3879.29
    6.9884     3879.29
    7.0644     3879.29
    7.1265     3879.29
    7.1953     3879.29
    7.2804     3879.29
    7.3587     3879.29
    7.4244     3879.29
    7.5028     3879.29
    7.5831     3879.29
    7.7084     3879.29
    7.7924     3879.29
    7.8724     3879.29
    7.9688     3879.29
    9.5132     3879.29
    9.5905     3879.29
    9.6852     3879.29
    9.7772     3879.29
    9.8252     3879.29
    9.8932     3879.29
    9.9502     3879.29
   10.0452     3879.29
   10.1003     3879.29
   10.1772     3879.29
   10.2412     3879.29
   10.2932     3879.29
   10.3652     3879.29
   10.4253     3879.29
   10.4692     3879.29
   10.5373     3879.29
   10.5933     3879.29
   10.6701     3879.29
   10.7413     3879.29
   10.7973     3879.29
   10.8652     3879.29
   10.9372     3879.29
   11.0034     3879.29
   11.0947     3879.29
   11.1487     3879.29
   11.2453     3879.29
   11.3132     3879.29
   11.3854     3879.29
   11.4692     3879.29
   11.5450     3879.29
   11.6252     3879.29
   11.7012     3879.29
   11.7692     3879.29
   11.8332     3879.29
   11.8851     3879.29
   11.9532     3879.29
   12.0532     3879.29
   12.1285     3879.29
   12.2156     3879.29
   12.2923     3879.29
   12.4132     3879.29
   12.4693     3879.29
   12.5414     3879.29
   12.6212     3879.29
   12.6693     3879.29
   12.7218     3879.29
   12.7852     3879.29
   12.8612     3879.29
   12.9332     3879.29
   12.9765     3879.29
   13.0573     3879.29
   13.1151     3879.29
   13.1892     3879.29
   13.2652     3879.29
   13.3028     3879.29
   13.3613     3879.29
   13.4372     3879.29
   13.5093     3879.29
   13.5773     3879.29
   13.6452     3879.29
   13.7172     3879.29
   13.7936     3879.29
   13.8732     3879.29
   13.9292     3879.29
   13.9920     3879.29
   14.0994     3879.29
   14.1812     3879.29
   14.2385     3879.29
   14.2932     3879.29
   14.3332     3879.29
   14.4012     3879.29
   14.4733     3879.29
   14.5292     3879.29
   14.5973     3879.29
   14.6597     3879.29
   14.7052     3879.29
   14.7613     3879.29
   14.8372     3879.29
   14.8932     3879.29
   14.9483     3879.29
   15.0093     3879.29
   15.0634     3879.29
   15.1373     3879.29
   15.1932     3879.29
   15.2772     3879.29
   15.3413     3879.29
   15.4082     3879.29
   15.4892     3879.29
   15.5354     3879.29
   15.6206     3879.29
   15.6805     3879.29
   15.7427     3879.29
   15.8252     3879.29
   15.8796     3879.29
   15.9372     3879.29
   15.9929     3879.29
   16.0453     3879.29
   16.1075     3879.29
   16.1933     3879.29
   16.2567     3879.29
   16.3212     3879.29
   16.3666     3879.29
   16.4332     3879.29
   16.4914     3879.29
   16.5572     3879.29
   16.6350     3879.29
   16.7092     3879.29
   16.7613     3879.29
   16.8052     3879.29
   16.8612     3879.29
   16.9298     3879.29
   16.9892     3879.29
   17.0572     3879.29
   17.1212     3879.29
   17.1932     3879.29
   17.2237     3879.29
   17.2812     3879.29
   17.3493     3879.29
   17.4172     3879.29
   17.4772     3879.29
   17.5293     3879.29
   17.5707     3879.29
   17.6333     3879.29
   17.6939     3879.29
   17.8051     3879.29
   17.8813     3879.29
   17.9453     3879.29
   18.0092     3879.29
   18.0753     3879.29
   18.1293     3879.29
   18.1932     3879.29
   18.2492     3879.29
   18.2949     3879.29
   18.3517     3879.29
   18.4107     3879.29
   18.4933     3879.29
   18.5572     3879.29
   18.6162     3879.29
   18.6773     3879.29
   18.7631     3879.29
   18.8328     3879.29
   18.9172     3879.29
   18.9874     3879.29
   19.0372     3879.29
   19.0932     3879.29
   19.1533     3879.29
   19.2237     3879.29
   19.2932     3879.29
   19.3559     3879.29
   19.4212     3879.29
   19.5212     3879.29
   19.5805     3879.29
   19.6572     3879.29
   19.7099     3879.29
   19.7972     3879.29
   19.8732     3879.29
   19.9612     3879.29
   20.0438     3879.29
   20.1179     3879.29
   20.1933     3879.29
   20.2533     3879.29
   20.3092     3879.29
   20.3813     3879.29
   20.4180     3879.29
   20.4813     3879.29
   20.5362     3879.29
   20.6052     3879.29
   20.6573     3879.29
   20.7493     3879.29
   20.8093     3879.29
   20.8693     3879.29
   20.9172     3879.29
   20.9702     3879.29
   21.0359     3879.29
   21.1173     3879.29
   21.1702     3879.29
   21.2252     3879.29
   21.2825     3879.29
   21.3733     3879.29
   21.4412     3879.29
   21.4773     3879.29
   21.5572     3879.29
   21.6026     3879.29
   21.6627     3879.29
   21.7212     3879.29
   21.7892     3879.29
   21.8405     3879.29
   21.9052     3879.29
   21.9895     3879.29
   22.0732     3879.29
   22.1216     3879.29
   22.1972     3879.29
   22.2505     3879.29
   22.3106     3879.29
   22.3573     3879.29
   22.4292     3879.29
   22.4972     3879.29
   22.5933     3879.29
   22.6667     3879.29
   22.7452     3879.29
   22.8092     3879.29
   22.8892     3879.29
   22.9652     3777.88
   23.0813     3777.88
   23.1973     3777.88
   23.3199     3777.88
   23.3793     3777.88
   23.4693     3777.88
   23.5231     3777.88
   23.6059     3777.88
   23.7332     3777.88
   23.8470     3777.88
   23.9312     3777.88
   24.0157     3777.88
   24.1281     3777.88
   24.2478     3777.88
   24.3746     3777.88
   24.4652     3777.88
   24.6012     3777.88
   24.6668     3777.88
   24.7340     3777.88
   24.8292     3777.88
   24.9213     3777.88
   25.0053     3777.88
   25.0772     3777.88
   25.1716     3777.88
   25.2390     3777.88
   25.3551     3777.88
   25.4413     3777.88
   25.5252     3777.88
   25.5852     3777.88
   25.6532     3777.88
   25.7066     3777.88
   25.7652     3777.88
   25.8252     3777.88
   25.8893     3777.88
   25.9892     3777.88
   26.0932     3777.88
   26.1812     3777.88
   26.3492     3777.88
   26.4167     3777.88
   26.5132     3777.88
   26.6364     3777.88
   26.7048     3777.88
   26.7652     3777.88
   26.8120     3777.88
   26.8772     3777.88
   26.9303     3777.88
   26.9965     3777.88
   27.0733     3777.88
   27.1412     3777.88
   27.2252     3777.88
   27.3012     3777.88
   27.3532     3777.88
   27.4252     3777.88
   27.4972     3777.88
   27.5893     3777.88
   27.6555     3777.88
   27.7040     3777.88
   27.7692     3777.88
   27.8613     3777.88
   27.9253     3777.88
   27.9943     3777.88
   28.0932     3777.88
   28.1627     3777.88
   28.2452     3777.88
   28.3132     3777.88
   28.3972     3777.88
   28.4837     3777.88
   28.5812     3777.88
   28.6580     3777.88
   28.7260     3777.88
   28.8068     3777.88
   28.8812     3777.88
   28.9418     3777.88
   29.0187     3777.88
   29.1030     3777.88
   29.1612     3777.88
   29.2239     3777.88
   29.3053     3777.88
   29.3772     3777.88
   29.4452     3777.88
   29.5161     3777.88
   29.6292     3777.88
   29.6898     3777.88
   29.7572     3777.88
   29.8111     3777.88
   29.8892     3777.88
   29.9732     3777.88
   30.0141     3777.88
   30.0812     3777.88
   30.1212     3777.88
   30.1954     3777.88
   30.2848     3777.88
   30.3572     3777.88
   30.4460     3777.88
   30.5052     3777.88
   30.5871     3777.88
   30.6599     3777.88
   30.7241     3777.88
   30.8252     3777.88
   30.8720     3777.88
   30.9332     3777.88
   30.9797     3777.88
   31.0332     3777.88
   31.0917     3777.88
   31.1652     3777.88
   31.2332     3777.88
   31.3012     3777.88
   31.3554     3777.88
   31.4132     3777.88
   31.4781     3777.88
   31.5332     3777.88
   31.6036     3777.88
   31.6733     3777.88
   31.7188     3777.88
   31.7916     3777.88
   31.8612     3777.88
   31.9091     3777.88
   31.9732     3777.88
   32.0456     3777.88
   32.1173     3777.88
   32.1812     3777.88
   32.2853     3777.88
   32.3573     3777.88
   32.4372     3777.88
   32.4807     3777.88
   32.5492     3777.88
   32.6043     3777.88
   32.7333     3777.88
   32.8173     3777.88
   32.9675     3777.88
   33.0473     3777.88
   33.2012     3777.88
   33.2836     3777.88
   33.4172     3777.88
   33.5093     3777.88
   33.6031     3777.88
   33.6734     3777.88
   33.7800     3777.88
   33.9053     3777.88
   33.9995     3777.88
   34.1281     3777.88
   34.2225     3777.88
   34.3013     3777.88
   34.3614     3777.88
   34.4415     3777.88
   34.5492     3777.88
   34.6662     3777.88
   34.7652     3777.88
   34.8321     3777.88
   34.9052     3777.88
   34.9772     3777.88
   35.0412     3777.88
   35.1172     3777.88
   35.2052     3777.88
   35.2812     3777.88
   35.3452     3777.88
   35.4092     3777.88
   35.5001     3777.88
   35.5852     3777.88
   35.6380     3777.88
   35.7233     3777.88
   35.7832     3777.88
   35.8648     3777.88
   35.9452     3777.88
   36.0132     3777.88
   36.0852     3777.88
   36.1892     3777.88
   36.2392     3777.88
   36.3039     3777.88
   36.3973     3777.88
   36.5253     3777.88
   36.5874     3777.88
   36.6496     3777.88
   36.8052     3777.88
   36.8546     3777.88
   36.9652     3777.88
   37.0583     3777.88
   37.1590     3777.88
   37.2732     3777.88
   37.3492     3777.88
   37.4547     3777.88
   37.6020     3777.88
   37.7176     3777.88
   37.8053     3777.88
   37.9095     3777.88
   38.0132     3777.88
   38.0772     3777.88
   38.1895     3777.88
   38.2893     3777.88
   38.3628     3777.88
   38.4213     3777.88
   38.5132     3777.88
   38.5812     3777.88
   38.6892     3777.88
   38.7653     3777.88
   38.8358     3777.88
   38.9132     3777.88
   39.0293     3777.88
   39.1412     3777.88
   39.2173     3777.88
   39.3492     3777.88
   39.4252     3777.88
   39.5332     3777.88
   39.5865     3777.88
   39.6694     3777.88
   39.8172     3777.88
   39.9271     3777.88
   39.9951     3777.88
   40.1111     3777.88
   40.2053     3777.88
   40.2760     3777.88
   40.3933     3777.88
   40.4989     3777.88
   40.5932     3777.88
   40.6892     3777.88
   40.7816     3777.88
   40.9212     3777.88
   41.0052     3777.88
   41.0658     3777.88
   41.1388     3777.88
   41.2413     3777.88
   41.3075     3777.88
   41.3973     3777.88
   41.4612     3777.88
   41.5412     3777.88
   41.6029     3777.88
   41.6772     3777.88
   41.7629     3777.88
   41.8544     3777.88
   41.9460     3777.88
   43.4999     3777.88
   43.5719     3777.88
   43.6439     3777.88
   43.7439     3777.88
   43.8319     3777.88
   43.9279     3777.88
   44.0119     3777.88
   44.0751     3777.88
   44.1639     3777.88
   44.2439     3777.88
   44.3199     3777.88
   44.3999     3777.88
   44.4599     3777.88
   44.5137     3777.88
   44.6159     3777.88
   44.6943     3777.88
   44.7799     3777.88
   44.8479     3777.88
   44.9339     3777.88
   45.0119     3777.88
   45.0599     3777.88
   45.1199     3777.88
   45.1999     3777.88
   45.2879     3777.88
   45.3559     3777.88
   45.4116     3777.88
   45.4999     3777.88
   45.5919     3777.88
   45.6959     3777.88
   45.8199     3777.88
   45.9239     3777.88
   45.9839     3777.88
   46.0759     3777.88
   46.1240     3777.88
   46.2079     3777.88
   46.3146     3777.88
   46.3959     3777.88
   46.4919     3777.88
   46.5615     3777.88
   46.6476     3777.88
   46.7303     3777.88
   46.8107     3777.88
   46.8999     3777.88
   46.9759     3777.88
   47.0599     3777.88
   47.1162     3777.88
   47.2079     3777.88
   47.3043     3777.88
   47.4285     3777.88
   47.5839     3777.88
   47.6568     3777.88
   47.7799     3777.88
   47.9119     3777.88
   48.0169     3777.88
   48.1079     3777.88
   48.1879     3777.88
   48.2550     3777.88
   48.3399     3777.88
   48.3919     3777.88
   48.4491     3777.88
   48.5799     3777.88
   48.6944     3777.88
   48.8142     3777.88
   48.9089     3777.88
   48.9999     3777.88
   49.0766     3777.88
   49.1860     3777.88
   49.2861     3777.88
   49.3759     3777.88
   49.4507     3777.88
   49.5279     3777.88
   49.6119     3777.88
   49.7199     3777.88
   49.7759     3777.88
   49.8533     3777.88
   49.9239     3777.88
   49.9919     3777.88
   50.0719     3777.88
   50.1319     3777.88
   50.1919     3777.88
   50.2479     3777.88
   50.3119     3777.88
   50.3959     3777.88
   50.4560     3777.88
   50.5305     3777.88
   50.6207     3777.88
   50.6919     3777.88
   50.7778     3777.88
   50.8484     3777.88
   51.0159     3777.88
   51.0814     3777.88
   51.1561     3777.88
   51.2479     3777.88
   51.3001     3777.88
   51.4079     3777.88
   51.4733     3777.88
   51.5423     3777.88
   51.6159     3777.88
   51.6665     3777.88
   51.7381     3777.88
   51.8079     3777.88
   51.8667     3777.88
   51.9559     3777.88
   52.0439     3777.88
   52.1039     3777.88
   52.1551     3777.88
   52.1976     3777.88
   52.2719     3777.88
   52.3399     3777.88
   52.4199     3777.88
   52.4861     3777.88
   52.5799     3777.88
   52.6679     3777.88
   52.7599     3777.88
   52.8399     3777.88
   52.9208     3777.88
   53.0100     3777.88
   53.1239     3777.88
   53.2069     3777.88
   53.2959     3777.88
   53.3599     3777.88
   53.4319     3777.88
   53.4786     3777.88
   53.5582     3777.88
   53.6519     3777.88
   53.7103     3777.88
   53.7789     3777.88
   53.8461     3777.88
   53.9106     3777.88
   53.9999     3777.88
   54.0559     3777.88
   54.1359     3777.88
   54.1959     3777.88
   54.2479     3777.88
   54.3096     3777.88
   54.4519     3777.88
   54.5178     3777.88
   54.5919     3777.88
   54.6519     3777.88
   54.7239     3777.88
   54.7835     3777.88
   54.8559     3777.88
   54.9119     3777.88
   54.9839     3777.88
   55.0519     3777.88
   55.1239     3777.88
   55.1919     3777.88
   55.2719     3777.88
   55.3330     3777.88
   55.4239     3777.88
   55.4829     3777.88
   55.5759     3777.88
   55.6268     3777.88
   55.7037     3777.88
   55.7879     3777.88
   55.8684     3777.88
   55.9679     3777.88
   56.0439     3777.88
   56.1079     3777.88
   56.1719     3777.88
   56.2399     3777.88
   56.2937     3777.88
   56.3485     3777.88
   56.4150     3777.88
   56.4759     3777.88
   56.5173     3777.88
   56.5919     3777.88
   56.6679     3777.88
   56.7319     3777.88
   56.8239     3777.88
   56.9039     3777.88
   56.9919     3777.88
   57.0759     3777.88
   57.1347     3777.88
   57.2237     3777.88
   57.2879     3777.88
   57.3559     3777.88
   57.4117     3777.88
   57.4999     3777.88
   57.5759     3777.88
   57.6747     3777.88
   57.7559     3777.88
   57.8519     3777.88
   57.9599     3777.88
   58.0479     3777.88
   58.1199     3777.88
   58.1851     3777.88
   58.2599     3777.88
   58.3405     3777.88
   58.4319     3777.88
   58.5159     3777.88
   58.5839     3777.88
   58.6501     3777.88
   58.7279     3777.88
   58.8226     3777.88
   58.9279     3777.88
   59.0199     3777.88
   59.0730     3777.88
   59.1486     3777.88
   59.2399     3777.88
   59.3303     3777.88
   59.4079     3777.88
   59.4839     3777.88
   59.5577     3777.88
   59.6399     3777.88
   59.6882     3777.88
   59.7719     3777.88
   59.8319     3777.88
   59.9039     3777.88
   60.0126     3777.88
   60.1679     3777.88
   60.2639     3777.88
   60.3479     3777.88
   60.4159     3777.88
   60.5079     3777.88
   60.6079     3777.88
   60.6799     3777.88
   60.7599     3777.88
   60.8208     3777.88
   60.9119     3777.88
   61.0159     3777.88
   61.0679     3777.88
   61.1599     3777.88
   61.2279     3777.88
   61.2620     3777.88
   61.3194     3777.88
   61.3759     3777.88
   61.4396     3777.88
   61.4999     3777.88
   61.5599     3777.88
   61.6399     3777.88
   61.6926     3777.88
   61.7559     3777.88
   61.8359     3777.88
   61.8906     3777.88
   61.9534     3777.88
   62.0079     3777.88
   62.0999     3777.88
   62.1606     3777.88
   62.2119     3777.88
   62.2839     3777.88
   62.3543     3777.88
   62.4079     3777.88
   62.4771     3777.88
   62.5582     3777.88
   62.6319     3777.88
   62.6999     3777.88
   62.7759     3777.88
   62.8359     3777.88
   62.9338     3777.88
   63.0217     3777.88
   63.1041     3777.88
   63.2279     3777.88
   63.2959     3777.88
   63.3519     3777.88
   63.4119     3777.88
   63.4559     3777.88
   63.5119     3777.88
   63.5799     3777.88
   63.6545     3777.88
   63.7095     3777.88
   63.7759     3777.88
   63.8279     3777.88
   63.8736     3777.88
   63.9439     3777.88
   64.0168     3777.88
   64.1039     3777.88
   64.1491     3777.88
   64.2239     3777.88
   64.2964     3777.88
   64.3759     3777.88
   64.4228     3777.88
   64.4962     3777.88
   64.5639     3777.88
   64.6279     3777.88
   64.6610     3777.88
   64.7399     3777.88
   64.7919     3777.88
   64.8327     3777.88
   64.8959     3777.88
   64.9559     3777.88
   65.0319     3777.88
   65.1239     3777.88
   65.1575     3777.88
   65.2333     3777.88
   65.3719     3777.88
   65.4655     3777.88
   65.5660     3777.88
   65.6925     3777.88
   65.7642     3777.88
   65.8519     3777.88
   65.9252     3777.88
   66.0119     3777.88
   66.1199     3777.88
   66.1751     3777.88
   66.2399     3777.88
   66.2919     3777.88
   66.3465     3777.88
   66.4119     3777.88
   66.4738     3777.88
   66.5559     3777.88
   66.6091     3777.88
   66.6825     3777.88
   66.7519     3777.88
   66.8159     3777.88
   66.8892     3777.88
   66.9439     3777.88
   67.0079     3777.88
   67.1052     3777.88
   67.1961     3777.88
   67.2679     3777.88
   67.3735     3777.88
   67.4759     3777.88
   67.6519     3777.88
   67.7462     3777.88
   67.8095     3777.88
   67.9576     3777.88
   68.0533     3777.88
   68.1359     3777.88
   68.2119     3777.88
   68.2732     3777.88
   68.3808     3777.88
   68.4744     3777.88
   68.5601     3777.88
   68.6681     3777.88
   68.7839     3777.88
   68.8839     3777.88
   68.9719     3777.88
   69.0604     3777.88
   69.1641     3777.88
   69.2506     3777.88
   69.3719     3777.88
   69.4691     3777.88
   69.5552     3777.88
   69.6825     3777.88
   69.7839     3777.88
   69.8867     3777.88
   69.9799     3777.88
   70.0381     3777.88
   70.1394     3777.88
   70.2075     3777.88
   70.2839     3777.88
   70.3391     3777.88
   70.3999     3777.88
   70.4553     3777.88
   70.5519     3777.88
   70.6114     3777.88
   70.6759     3777.88
   70.7790     3777.88
   70.8559     3777.88
   70.9279     3777.88
   70.9850     3777.88
   71.0599     3777.88
   71.1115     3777.88
   71.1879     3777.88
   71.2842     3777.88
   71.3567     3777.88
   71.4279     3777.88
   71.5070     3777.88
   71.5759     3777.88
   71.6463     3777.88
   71.7067     3777.88
   71.7550     3777.88
   71.8159     3777.88
   71.8639     3777.88
   71.9283     3777.88
   71.9919     3777.88
   72.0731     3777.88
   72.1465     3777.88
   72.2239     3777.88
   72.3159     3777.88
   72.3807     3777.88
   72.4520     3777.88
   72.5043     3777.88
   72.5699     3777.88
   72.6440     3777.88
   72.7039     3777.88
   72.7556     3777.88
   72.8319     3777.88
   72.8919     3777.88
   72.9639     3777.88
   73.0200     3777.88
   73.1159     3777.88
   73.1754     3777.88
   73.2599     3777.88
   73.3236     3777.88
   73.4234     3777.88
   73.4919     3777.88
   73.5719     3777.88
   73.6320     3777.88
   73.7294     3777.88
   73.8080     3777.88
   73.8908     3777.88
   73.9982     3777.88
   74.1679     3777.88
   74.2170     3777.88
   74.2879     3777.88
   74.3679     3777.88
   74.4399     3777.88
   74.5173     3777.88
   74.5740     3777.88
   74.6313     3777.88
   74.7119     3777.88
   74.8011     3777.88
   74.8999     3777.88
   74.9959     3777.88
   75.0879     3777.88
   75.1630     3777.88
   75.2257     3777.88
   75.3079     3777.88
   75.3799     3777.88
   75.4599     3777.88
   75.5596     3777.88
   75.6359     3777.88
   75.7362     3777.88
   77.3653     3769.11
   77.4587     3769.11
   77.5397     3769.11
   77.6506     3769.11
   77.7733     3769.11
   77.8539     3769.11
   77.9477     3769.11
   78.0373     3769.11
   78.1093     3769.11
   78.1549     3769.11
   78.2093     3769.11
   78.2588     3769.11
   78.3504     3769.11
   78.4373     3769.11
   78.5745     3769.11
   78.6735     3769.11
   78.7733     3769.11
   78.8746     3769.11
   78.9893     3769.11
   79.0573     3769.11
   79.1253     3769.11
   79.2003     3769.11
   79.2638     3769.11
   79.3533     3769.11
   79.4380     3769.11
   79.5319     3769.11
   79.5876     3769.11
   79.6533     3769.11
   79.7126     3769.11
   79.7776     3769.11
   79.8493     3769.11
   79.9030     3769.11
   79.9565     3769.11
   80.0293     3769.11
   80.1053     3769.11
   80.1734     3769.11
   80.2399     3769.11
   80.3333     3769.11
   80.3831     3769.11
   80.4653     3769.11
   80.5223     3769.11
   80.6013     3769.11
   80.6853     3769.11
   80.7818     3769.11
   80.8749     3769.11
   81.0275     3769.11
   81.1133     3769.11
   81.2169     3769.11
   81.3173     3769.11
   81.3909     3769.11
   81.4733     3769.11
   81.5466     3769.11
   81.6093     3769.11
   81.6693     3769.11
   81.7613     3769.11
   81.8533     3769.11
   81.9373     3769.11
   82.0173     3769.11
   82.0973     3769.11
   82.1889     3769.11
   82.3013     3769.11
   82.3836     3769.11
   82.4853     3769.11
   82.5679     3769.11
   82.6452     3769.11
   82.7213     3769.11
   82.7877     3769.11
   82.8445     3769.11
   82.9516     3769.11
   83.0413     3769.11
   83.1224     3769.11
   83.1872     3769.11
   83.3362     3769.11
   83.4192     3769.11
   83.5183     3769.11
   83.6013     3769.11
   83.7054     3769.11
   83.8099     3769.11
   83.9221     3769.11
   84.0069     3769.11
   84.0916     3769.11
   84.1696     3769.11
   84.3133     3769.11
   84.4333     3769.11
   84.5198     3769.11
   84.6013     3769.11
   84.6774     3769.11
   84.7909     3769.11
   84.8994     3769.11
   84.9915     3769.11
   85.0573     3769.11
   85.1338     3769.11
   85.2001     3769.11
   85.2853     3769.11
   85.4093     3769.11
   85.4381     3769.11
   85.5108     3769.11
   85.5868     3769.11
   85.6713     3769.11
   85.7578     3769.11
   85.8354     3769.11
   85.9053     3769.11
   86.0133     3769.11
   86.0951     3769.11
   86.1853     3769.11
   86.2443     3769.11
   86.3973     3769.11
   86.5294     3769.11
   86.6333     3769.11
   86.7013     3769.11
   86.7853     3769.11
   86.8733     3769.11
   86.9339     3769.11
   87.0134     3769.11
   87.0973     3769.11
   87.1335     3769.11
   87.2345     3769.11
   87.3813     3769.11
   87.4819     3769.11
   87.6173     3769.11
   87.7540     3769.11
   87.8853     3769.11
   87.9905     3769.11
   88.0973     3753.69
   88.1853     3753.69
   88.2653     3753.69
   88.3453     3753.69
   88.4253     3753.69
   88.5133     3753.69
   88.6024     3753.69
   88.7093     3753.69
   88.7853     3753.69
   88.8470     3753.69
   88.9333     3753.69
   88.9981     3753.69
   89.0773     3753.69
   89.1453     3753.69
   89.2023     3753.69
   89.2773     3753.69
   89.3313     3753.69
   89.4013     3753.69
   89.4933     3753.69
   89.5362     3753.69
   89.6013     3753.69
   89.6575     3753.69
   89.7265     3753.69
   89.7860     3753.69
   89.8613     3753.69
   89.9573     3753.69
   90.0168     3753.69
   90.1069     3753.69
   90.1834     3753.69
   90.2573     3753.69
   90.3226     3753.69
   90.4093     3753.69
   90.4596     3753.69
   90.5373     3753.69
   90.6013     3753.69
   90.6573     3753.69
   90.7293     3753.69
   90.7893     3753.69
   90.8494     3753.69
   90.9024     3753.69
   90.9853     3753.69
   91.0733     3753.69
   91.1720     3753.69
   91.2399     3753.69
   91.3053     3753.69
   91.3853     3753.69
   91.4653     3753.69
   91.5335     3753.69
   91.6373     3753.69
   91.7222     3753.69
   91.8253     3753.69
   91.8933     3753.69
   91.9733     3753.69
   92.0228     3753.69
   92.1013     3753.69
   92.2053     3753.69
   92.2619     3753.69
   92.3133     3753.69
   92.3693     3753.69
   92.4293     3753.69
   92.4948     3753.69
   92.5653     3753.69
   92.6314     3753.69
   92.7053     3753.69
   92.7785     3753.69
   92.8413     3753.69
   92.9093     3753.69
   92.9813     3753.69
   93.0413     3753.69
   93.1053     3753.69
   93.1543     3753.69
   93.2139     3753.69
   93.3163     3753.69
   93.3813     3753.69
   93.4413     3753.69
   93.4973     3753.69
   93.5671     3753.69
   93.6329     3753.69
   93.7093     3753.69
   93.7814     3753.69
   93.8526     3753.69
   93.9213     3753.69
   93.9733     3753.69
   94.0613     3753.69
   94.1293     3753.69
   94.1907     3753.69
   94.2505     3753.69
   94.2973     3753.69
   94.3633     3753.69
   94.4373     3753.69
   94.4965     3753.69
   94.5893     3753.69
   94.6440     3753.69
   94.7333     3753.69
   94.7924     3753.69
   94.9013     3753.69
   94.9533     3753.69
   95.0039     3753.69
   95.1133     3753.69
   95.1733     3753.69
   95.2790     3753.69
   95.4613     3753.69
   95.5623     3753.69
   95.6281     3753.69
   95.6910     3753.69
   95.7600     3753.69
   95.8573     3753.69
   95.9377     3753.69
   96.0253     3753.69
   96.1214     3753.69
   96.2037     3753.69
   96.2590     3753.69
   96.3634     3753.69
   96.4343     3753.69
   96.5173     3753.69
   96.6093     3753.69
   96.6952     3750.35
   96.7934     3750.35
   96.8921     3750.35
   96.9425     3750.35
   97.0478     3750.35
   97.1613     3750.35
   97.2333     3750.35
   97.2933     3750.35
   97.3813     3750.35
   97.4813     3750.35
   97.6182     3750.35
   97.7164     3750.35
   97.8318     3750.35
   97.9058     3750.35
   98.0036     3750.35
   98.1093     3750.35
   98.1446     3750.35
   98.2213     3750.35
   98.3533     3750.35
   98.4425     3750.35
   98.5026     3750.35
   98.6027     3750.35
   98.7003     3750.35
   98.8333     3750.35
   98.9494     3750.35
   99.0533     3750.35
   99.1973     3750.35
   99.2836     3750.35
   99.3791     3750.35
   99.4974     3750.35
   99.6557     3750.35
   99.7714     3750.35
   99.8745     3750.35
   99.9973     3750.35
  100.1753     3750.35
  100.2741     3750.35
  100.3933     3750.35
  100.5345     3750.35
  100.6309     3750.35
  100.7573     3750.35
  100.8217     3750.35
  100.8990     3750.35
  100.9706     3750.35
  101.0786     3750.35
  101.1629     3750.35
  101.2220     3750.35
  101.2933     3750.35
  101.4213     3750.35
  101.4980     3750.35
  101.5666     3750.35
  101.6719     3750.35
  101.7630     3750.35
  101.8219     3750.35
  101.8853     3750.35
  102.0258     3750.35
  102.1624     3750.35
  102.2493     3750.35
  102.3366     3750.35
  102.3986     3750.35
  102.4973     3750.35
  102.5733     3750.35
  102.6653     3750.35
  102.7247     3750.35
  102.8053     3750.35
  102.8445     3750.35
  102.9476     3750.35
  103.0253     3750.35
  103.1165     3750.35
  103.1624     3750.35
  103.3136     3750.35
  103.4574     3750.35
  103.5733     3750.35
  103.7196     3750.35
  103.8213     3750.35
  103.9098     3750.35
  104.0213     3750.35
  104.0893     3750.35
  104.1509     3750.35
  104.2307     3750.35
  104.2993     3750.35
  104.3574     3750.35
  104.4573     3750.35
  104.5224     3750.35
  104.6093     3750.35
  104.6653     3750.35
  104.7445     3750.35
  104.8173     3750.35
  104.8893     3750.35
  104.9653     3750.35
  105.0213     3750.35
  105.0933     3750.35
  105.1733     3750.35
  105.2407     3750.35
  105.3053     3750.35
  105.3933     3750.35
  105.4593     3750.35
  105.5148     3750.35
  105.5773     3750.35
  105.6212     3750.35
  105.6893     3750.35
  105.7516     3750.35
  105.8213     3750.35
  105.8783     3750.35
  105.9459     3750.35
  106.0293     3750.35
  106.0807     3750.35
  106.1533     3750.35
  106.2293     3750.35
  106.2819     3750.35
  106.3813     3750.35
  106.4533     3750.35
  106.4903     3750.35
  106.5653     3750.35
  106.6112     3750.35
  106.7053     3750.35
  106.7653     3750.35
  106.8293     3750.35
  106.9270     3750.35
  107.0413     3750.35
  107.0868     3750.35
  107.1653     3750.35
  107.2613     3750.35
  107.3253     3750.35
  107.4853     3750.35
  107.6093     3750.35
  107.6893     3750.35
  107.7466     3750.35
  107.8581     3750.35
  107.9744     3750.35
  108.0613     3750.35
  108.1253     3750.35
  108.2238     3750.35
  108.2813     3750.35
  108.4109     3750.35
  108.4893     3750.35
  108.6173     3750.35
  108.7223     3750.35
  108.8093     3750.35
  108.9413     3750.35
  109.0628     3750.35
  109.2133     3750.35
  109.2683     3750.35
  109.3573     3750.35
  109.4505     3750.35
  109.5797     3750.35
  111.0866     3750.35
  111.1941     3750.35
  111.2973     3750.35
  111.3881     3750.35
  111.4738     3750.35
  111.5298     3750.35
  111.5858     3750.35
  111.6421     3750.35
  111.7898     3750.35
  111.8578     3750.35
  111.9258     3750.35
  112.0018     3750.35
  112.0737     3750.35
  112.1418     3750.35
  112.2205     3750.35
  112.2778     3750.35
  112.3258     3750.35
  112.3900     3750.35
  112.4618     3750.35
  112.5321     3671.28
  112.5858     3671.28
  112.6466     3671.28
  112.7018     3671.28
  112.7903     3671.28
  112.8618     3671.28
  112.9445     3671.28
  113.0107     3671.28
  113.1098     3671.28
  113.1658     3671.28
  113.2498     3671.28
  113.3095     3671.28
  113.3818     3671.28
  113.4340     3671.28
  113.4938     3671.28
  113.5658     3671.28
  113.6178     3671.28
  113.6939     3671.28
  113.7764     3671.28
  113.8562     3671.28
  113.9946     3671.28
  114.0862     3671.28
  114.2663     3671.28
  114.4058     3671.28
  114.5006     3671.28
  114.6298     3671.28
  114.7148     3671.28
  114.8418     3671.28
  114.9276     3671.28
  114.9755     3671.28
  115.0966     3671.28
  115.1872     3671.28
  115.3126     3671.28
  115.4070     3671.28
  115.5618     3671.28
  115.6898     3671.28
  115.8722     3671.28
  115.9801     3671.28
  116.0625     3671.28
  116.1612     3671.28
  116.2805     3671.28
  116.3943     3671.28
  116.4442     3671.28
  116.5317     3671.28
  116.6225     3671.28
  116.7740     3671.28
  116.8723     3671.28
  116.9978     3671.28
  117.1201     3671.28
  117.2157     3671.28
  117.3296     3671.28
  117.4479     3671.28
  117.5658     3671.28
  117.6867     3671.28
  117.8378     3671.28
  117.8898     3671.28
  117.9958     3671.28
  118.0804     3671.28
  118.1832     3671.28
  118.3058     3671.28
  118.4178     3671.28
  118.5434     3671.28
  118.6342     3671.28
  118.7627     3671.28
  118.8458     3671.28
  118.9210     3671.28
  119.0031     3671.28
  119.0916     3671.28
  119.2258     3671.28
  119.3349     3671.28
  119.4080     3671.28
  119.4978     3671.28
  119.6320     3671.28
  119.7658     3671.28
  119.8378     3671.28
  119.9778     3671.28
  120.0465     3671.28
  120.1538     3671.28
  120.2498     3671.28
  120.2980     3671.28
  120.4098     3671.28
  120.4898     3671.28
  120.5858     3671.28
  120.6738     3671.28
  120.7338     3671.28
  120.8458     3671.28
  120.9705     3671.28
  121.0561     3671.28
  121.1559     3671.28
  121.2312     3671.28
  121.3338     3671.28
  121.4291     3671.28
  121.5138     3671.28
  121.6145     3671.28
  121.7018     3671.28
  121.7713     3671.28
  121.8898     3671.28
  122.0115     3671.28
  122.0574     3671.28
  122.1581     3671.28
  122.2671     3671.28
  122.2954     3671.28
  122.3858     3671.28
  122.4401     3671.28
  122.5513     3671.28
  122.6898     3671.28
  122.8098     3671.28
  122.9241     3671.28
  123.0165     3671.28
  123.1218     3671.28
  123.1966     3671.28
  123.2694     3671.28
  123.3938     3671.28
  123.4498     3671.28
  123.5498     3671.28
  123.5978     3671.28
  123.6858     3671.28
  123.7938     3671.28
  123.9098     3671.28
  124.0098     3671.28
  124.1538     3671.28
  124.2458     3671.28
  124.3698     3671.28
  124.4645     3671.28
  124.5611     3671.28
  124.6838     3671.28
  124.7633     3671.28
  124.8681     3671.28
  124.9728     3671.28
  125.0671     3671.28
  125.1938     3671.28
  125.2355     3671.28
  125.3424     3671.28
  125.4004     3671.28
  125.4866     3671.28
  125.5517     3671.28
  125.6552     3671.28
  125.7501     3671.28
  125.8781     3671.28
  125.9755     3671.28
  126.2034     3671.28
  126.3786     3671.28
  126.4402     3671.28
  126.5858     3671.28
  126.6778     3671.28
  126.7423     3671.28
  126.8740     3671.28
  126.9503     3671.28
  127.0189     3671.28
  127.1578     3671.28
  127.3026     3671.28
  127.4103     3671.28
  127.4978     3671.28
  127.5738     3671.28
  127.6475     3671.28
  127.7658     3671.28
  127.9277     3671.28
  128.0338     3671.28
  128.1969     3671.28
  128.3007     3671.28
  128.4208     3671.28
  128.5582     3671.28
  128.6898     3671.28
  128.8018     3671.28
  128.9181     3671.28
  129.0498     3671.28
  129.1938     3671.28
  129.2978     3671.28
  129.4442     3671.28
  129.5041     3671.28
  129.6058     3671.28
  129.7038     3671.28
  129.8858     3671.28
  129.9766     3671.28
  130.0759     3671.28
  130.1885     3671.28
  130.2677     3671.28
  130.4064     3671.28
  130.5152     3671.28
  130.6138     3671.28
  130.6978     3671.28
  130.7878     3671.28
  130.8818     3671.28
  130.9595     3671.28
  131.0458     3671.28
  131.1122     3671.28
  131.2644     3671.28
  131.4055     3671.28
  131.5272     3671.28
  131.7600     3671.28
  131.8987     3671.28
  132.0818     3671.28
  132.2338     3671.28
  132.3207     3671.28
  132.4218     3671.28
  132.4829     3671.28
  132.5778     3671.28
  132.6419     3671.28
  132.7360     3671.28
  132.8127     3671.28
  132.8858     3671.28
  132.9707     3671.28
  133.0487     3671.28
  133.1258     3671.28
  133.1938     3671.28
  133.2938     3671.28
  133.3754     3671.28
  133.4618     3671.28
  133.5418     3671.28
  133.6138     3671.28
  133.6818     3671.28
  133.7658     3671.28
  133.8554     3671.28
  133.9227     3671.28
  134.0058     3671.28
  134.0858     3671.28
  134.1254     3671.28
  134.2058     3671.28
  134.2778     3671.28
  134.3498     3671.28
  134.4219     3671.28
  134.5546     3671.28
  134.6418     3671.28
  134.7458     3671.28
  134.8475     3671.28
  134.9578     3671.28
  135.0361     3671.28
  135.1778     3671.28
  135.2829     3671.28
  135.4247     3671.28
  135.5426     3671.28
  135.6218     3671.28
  135.6978     3671.28
  135.7522     3671.28
  135.8646     3671.28
  135.9578     3671.28
  136.1058     3671.28
  136.2035     3671.28
  136.2778     3671.28
  136.4378     3671.28
  136.5219     3671.28
  136.6126     3671.28
  136.7058     3671.28
  136.8426     3671.28
  136.9165     3671.28
  136.9978     3671.28
  137.0949     3671.28
  137.1724     3671.28
  137.2746     3671.28
  137.3525     3671.28
  137.4185     3671.28
  137.5178     3671.28
  137.6105     3671.28
  137.7067     3671.28
  137.8240     3671.28
  137.9538     3671.28
  138.0498     3671.28
  138.1398     3671.28
  138.1950     3671.28
  138.2809     3671.28
  138.3865     3671.28
  138.4515     3671.28
  138.5458     3671.28
  138.6157     3671.28
  138.7018     3671.28
  138.8098     3671.28
  138.8738     3671.28
  138.9298     3671.28
  139.0098     3671.28
  139.0700     3671.28
  139.2018     3671.28
  139.2938     3671.28
  139.3696     3671.28
  139.4738     3671.28
  139.5410     3671.28
  139.6258     3671.28
  139.6778     3671.28
  139.7473     3671.28
  139.8298     3671.28
  139.9138     3671.28
  139.9991     3671.28
  140.0938     3671.28
  140.1650     3671.28
  140.2778     3671.28
  140.3612     3671.28
  140.4378     3671.28
  140.4977     3671.28
  140.6099     3671.28
  140.6938     3671.28
  140.7938     3671.28
  140.8778     3671.28
  140.9637     3671.28
  141.0441     3671.28
  141.1098     3671.28
  141.1978     3671.28
  141.2521     3671.28
  141.3788     3671.28
  141.4641     3671.28
  141.5578     3671.28
  141.6379     3671.28
  141.7298     3671.28
  141.8018     3671.28
  141.9064     3671.28
  142.0018     3671.28
  142.0698     3671.28
  142.1538     3671.28
  142.2298     3671.28
  142.3258     3671.28
  142.4178     3671.28
  142.4938     3671.28
  142.5910     3671.28
  142.6913     3671.28
  142.7658     3671.28
  142.8498     3671.28
  142.9178     3671.28
  142.9819     3671.28
  143.0859     3671.28
  143.2186     3671.28
  143.3318     3671.28
  143.4364     3671.28
  143.5138     3671.28
  145.0332     3671.28
  145.1374     3671.28
  145.2612     3671.28
  145.3198     3671.28
  145.4238     3671.28
  145.5223     3671.28
  145.6532     3671.28
  145.7576     3671.28
  145.8544     3671.28
  145.9459     3671.28
  146.0372     3671.28
  146.1732     3671.28
  146.2859     3671.28
  146.3812     3671.28
  146.4946     3671.28
  146.6012     3671.28
  146.7532     3671.28
  146.8538     3671.28
  146.9347     3671.28
  147.0735     3671.28
  147.1733     3671.28
  147.3304     3671.28
  147.4475     3671.28
  147.5173     3671.28
  147.6308     3671.28
  147.7585     3671.28
  147.9107     3671.28
  148.0306     3671.28
  148.1852     3671.28
  148.3598     3671.28
  148.4382     3671.28
  148.5386     3671.28
  148.6919     3671.28
  148.7911     3671.28
  148.8936     3671.28
  148.9708     3671.28
  149.0501     3671.28
  149.1265     3671.28
  149.2452     3671.28
  149.2972     3671.28
  149.3874     3671.28
  149.4875     3671.28
  149.6013     3671.28
  149.6892     3671.28
  149.7348     3671.28
  149.8701     3671.28
  149.9459     3671.28
  150.0508     3671.28
  150.1412     3671.28
  150.2126     3671.28
  150.2875     3671.28
  150.3452     3671.28
  150.4173     3671.28
  150.4822     3671.28
  150.5452     3671.28
  150.6212     3671.28
  150.7269     3671.28
  150.8292     3671.28
  150.9412     3671.28
  151.0212     3671.28
  151.0948     3671.28
  151.2070     3671.28
  151.3189     3671.28
  151.4123     3671.28
  151.4997     3671.28
  151.5854     3671.28
  151.6810     3671.28
  151.7718     3671.28
  151.8820     3671.28
  152.0022     3671.28
  152.1016     3671.28
  152.1789     3671.28
  152.2692     3671.28
  152.3452     3671.28
  152.5029     3671.28
  152.6555     3671.28
  152.7972     3671.28
  152.8269     3671.28
  152.9267     3671.28
  152.9679     3671.28
  153.0612     3671.28
  153.1812     3671.28
  153.2932     3671.28
  153.3500     3671.28
  153.4892     3671.28
  153.5892     3671.28
  153.6612     3671.28
  153.7225     3671.28
  153.8433     3671.28
  153.9305     3671.28
  154.0315     3671.28
  154.1332     3671.28
  154.1852     3671.28
  154.2293     3671.28
  154.2862     3671.28
  154.3640     3671.28
  154.4779     3671.28
  154.5329     3671.28
  154.6414     3671.28
  154.7776     3671.28
  154.8755     3671.28
  154.9855     3671.28
  155.1172     3671.28
  155.2132     3671.28
  155.3212     3671.28
  155.4572     3671.28
  155.5692     3671.28
  155.6558     3671.28
  155.7172     3671.28
  155.8132     3671.28
  155.9107     3671.28
  156.0372     3671.28
  156.0739     3671.28
  156.2065     3671.28
  156.2553     3671.28
  156.3452     3671.28
  156.4661     3671.28
  156.5509     3671.28
  156.6772     3671.28
  156.7750     3671.28
  156.8654     3671.28
  156.9672     3671.28
  157.0681     3671.28
  157.1796     3671.28
  157.2612     3671.28
  157.3388     3671.28
  157.4389     3671.28
  157.5572     3671.28
  157.6372     3671.28
  157.6907     3671.28
  157.7652     3671.28
  157.8692     3671.28
  157.9252     3671.28
  158.0532     3671.28
  158.1181     3671.28
  158.1972     3671.28
  158.2812     3671.28
  158.3337     3671.28
  158.4503     3671.28
  158.5341     3671.28
  158.6772     3671.28
  158.7305     3671.28
  158.8192     3671.28
  158.8960     3671.28
  158.9772     3671.28
  159.1132     3671.28
  159.2654     3671.28
  159.3572     3671.28
  159.4572     3671.28
  159.5772     3671.28
  159.6696     3671.28
  159.7732     3671.28
  159.8758     3671.28
  159.9415     3671.28
  160.0580     3671.28
  160.1572     3671.28
  160.2828     3671.28
  160.3852     3671.28
  160.4772     3671.28
  160.5292     3671.28
  160.6354     3671.28
  160.7158     3671.28
  160.8252     3671.28
  160.8835     3671.28
  160.9652     3671.28
  161.0613     3671.28
  161.1692     3671.28
  161.2718     3671.28
  161.3772     3671.28
  161.4612     3671.28
  161.5780     3671.28
  161.6732     3671.28
  161.7664     3671.28
  161.8871     3671.28
  161.9852     3671.28
  162.0994     3671.28
  162.2052     3671.28
  162.2937     3671.28
  162.4132     3671.28
  162.5372     3671.28
  162.5950     3671.28
  162.7100     3671.28
  162.8166     3671.28
  162.9232     3671.28
  162.9750     3671.28
  163.0845     3671.28
  163.1892     3671.28
  163.2671     3671.28
  163.3224     3671.28
  163.4150     3671.28
  163.4812     3671.28
  163.5812     3671.28
  163.6776     3671.28
  163.7753     3671.28
  163.8626     3671.28
  163.9897     3671.28
  164.0792     3671.28
  164.1722     3671.28
  164.2612     3671.28
  164.3359     3671.28
  164.4092     3671.28
  164.4732     3671.28
  164.5460     3671.28
  164.6492     3671.28
  164.7220     3671.28
  164.8132     3671.28
  164.8836     3671.28
  164.9745     3671.28
  165.0372     3671.28
  165.1439     3671.28
  165.2750     3671.28
  165.4057     3671.28
  165.4798     3671.28
  165.6052     3671.28
  165.6837     3671.28
  165.7932     3671.28
  165.8965     3671.28
  165.9812     3671.28
  166.0314     3671.28
  166.0978     3671.28
  166.1535     3671.28
  166.2332     3671.28
  166.2952     3671.28
  166.3692     3671.28
  166.4412     3671.28
  166.5132     3671.28
  166.5772     3671.28
  166.6652     3671.28
  166.7309     3671.28
  166.7932     3671.28
  166.8532     3671.28
  166.9132     3671.28
  166.9772     3671.28
  167.0532     3671.28
  167.1372     3671.28
  167.2052     3671.28
  167.3063     3671.28
  167.3892     3671.28
  167.4572     3671.28
  167.5739     3671.28
  167.6552     3671.28
  167.8105     3671.28
  167.9098     3671.28
  168.0092     3671.28
  168.1212     3671.28
  168.1860     3671.28
  168.2892     3671.28
  168.3619     3671.28
  168.4416     3671.28
  168.5160     3671.28
  168.6277     3671.28
  168.7079     3671.28
  168.8751     3671.28
  168.9259     3671.28
  169.0198     3671.28
  169.0852     3671.28
  169.1515     3671.28
  169.2498     3671.28
  169.3542     3671.28
  169.4370     3671.28
  169.5412     3671.28
  169.6199     3671.28
  169.7772     3671.28
  169.8457     3671.28
  169.9509     3671.28
  170.0132     3671.28
  170.1434     3671.28
  170.2155     3671.28
  170.3092     3671.28
  170.4052     3671.28
  170.4892     3671.28
  170.5467     3671.28
  170.6615     3671.28
  170.7532     3671.28
  170.8019     3671.28
  170.8812     3671.28
  170.9492     3671.28
  171.0068     3671.28
  171.0994     3671.28
  171.1667     3671.28
  171.2292     3671.28
  171.2678     3671.28
  171.3907     3671.28
  171.5433     3671.28
  171.6439     3671.28
  171.7532     3671.28
  171.8492     3671.28
  171.9492     3671.28
  172.0351     3671.28
  172.1174     3671.28
  172.2533     3671.28
  172.3790     3671.28
  172.5052     3671.28
  172.6412     3671.28
  172.7486     3671.28
  172.8372     3671.28
  172.9170     3671.28
  172.9932     3671.28
  173.0572     3671.28
  173.1452     3671.28
  173.2172     3671.28
  173.3012     3671.28
  173.3665     3671.28
  173.4812     3671.28
  173.5732     3671.28
  173.6449     3671.28
  173.7092     3671.28
  173.7892     3671.28
  173.8694     3671.28
  173.9332     3671.28
  174.0202     3671.28
  174.0812     3671.28
  174.1454     3671.28
  174.2132     3671.28
  174.2714     3671.28
  174.3372     3671.28
  174.3897     3671.28
  174.4572     3671.28
  174.5145     3671.28
  174.5903     3671.28
  174.6812     3671.28
  174.7179     3671.28
  174.7772     3671.28
  174.8585     3671.28
  174.9332     3671.28
  174.9932     3671.28
  175.0652     3671.28
  175.1633     3671.28
  175.2594     3671.28
  175.3353     3671.28
  175.4356     3671.28
  175.5231     3671.28
  175.6452     3671.28
  175.7172     3671.28
  175.7880     3671.28
  175.8606     3671.28
  175.9412     3671.28
  176.0227     3671.28
  176.1150     3671.28
  176.2012     3671.28
  176.2789     3671.28
  176.3612     3671.28
  176.4412     3671.28
  176.5812     3671.28
  176.6435     3671.28
  176.7550     3671.28
  176.8514     3671.28
  176.9412     3671.28
  177.0177     3671.28
  177.1052     3671.28
  177.2190     3671.28
  178.7463     3671.28
  178.8747     3671.28
  179.0023     3671.28
  179.0872     3671.28
  179.1866     3671.28
  179.2953     3671.28
  179.3947     3671.28
  179.5329     3671.28
  179.6075     3671.28
  179.7118     3671.28
  179.7867     3671.28
  179.8943     3671.28
  179.9333     3671.28
  180.0343     3671.28
  180.1470     3671.28
  180.2679     3671.28
  180.3761     3671.28
  180.4445     3671.28
  180.5863     3671.28
  180.7263     3671.28
  180.8943     3671.28
  181.0463     3671.28
  181.1625     3671.28
  181.2303     3671.28
  181.3367     3671.28
  181.4423     3671.28
  181.5073     3671.28
  181.5943     3671.28
  181.6872     3671.28
  181.7623     3671.28
  181.8463     3671.28
  181.9223     3671.28
  181.9878     3671.28
  182.0983     3671.28
  182.1948     3671.28
  182.2823     3671.28
  182.3678     3671.28
  182.4583     3671.28
  182.5113     3671.28
  182.5823     3671.28
  182.6671     3671.28
  182.7623     3671.28
  182.8434     3671.28
  182.9223     3671.28
  182.9983     3671.28
  183.0640     3671.28
  183.1503     3671.28
  183.2238     3671.28
  183.2911     3671.28
  183.3903     3671.28
  183.4608     3671.28
  183.5490     3671.28
  183.6263     3671.28
  183.7113     3671.28
  183.8023     3671.28
  183.8930     3671.28
  183.9720     3671.28
  184.0529     3671.28
  184.1330     3671.28
  184.2001     3671.28
  184.2743     3671.28
  184.3133     3671.28
  184.3783     3671.28
  184.4543     3671.28
  184.5423     3671.28
  184.6160     3671.28
  184.7303     3671.28
  184.7993     3671.28
  184.8623     3671.28
  184.9263     3671.28
  185.0093     3671.28
  185.1023     3671.28
  185.1863     3671.28
  185.2583     3671.28
  185.3463     3671.28
  185.4343     3671.28
  185.5143     3671.28
  185.6023     3671.28
  185.6629     3671.28
  185.7503     3671.28
  185.8163     3671.28
  185.9343     3671.28
  186.0143     3671.28
  186.0983     3671.28
  186.1783     3671.28
  186.2543     3671.28
  186.3234     3671.28
  186.4023     3671.28
  186.4663     3671.28
  186.5664     3671.28
  186.6583     3671.28
  186.7343     3671.28
  186.7944     3671.28
  186.8983     3671.28
  186.9415     3671.28
  187.0316     3671.28
  187.1543     3671.28
  187.2663     3671.28
  187.3343     3671.28
  187.4383     3671.28
  187.5023     3671.28
  187.5783     3671.28
  187.6743     3671.28
  187.7290     3671.28
  187.7879     3671.28
  187.8623     3671.28
  187.9437     3671.28
  188.0663     3671.28
  188.1520     3671.28
  188.2903     3671.28
  188.3783     3671.28
  188.4493     3671.28
  188.5274     3671.28
  188.6223     3671.28
  188.6747     3671.28
  188.7543     3671.28
  188.8058     3671.28
  188.8663     3671.28
  188.9096     3671.28
  188.9922     3671.28
  189.0863     3671.28
  189.1943     3671.28
  189.2634     3671.28
  189.3321     3671.28
  189.4263     3671.28
  189.4688     3671.28
  189.5783     3671.28
  189.6388     3671.28
  189.7666     3671.28
  189.8634     3671.28
  189.9263     3671.28
  190.0383     3671.28
  190.1548     3671.28
  190.2806     3671.28
  190.3283     3671.28
  190.4518     3671.28
  190.5143     3671.28
  190.6343     3671.28
  190.7407     3671.28
  190.8430     3671.28
  190.9130     3671.28
  190.9883     3671.28
  191.0903     3671.28
  191.2063     3671.28
  191.3370     3671.28
  191.4103     3671.28
  191.5023     3671.28
  191.5530     3671.28
  191.6743     3671.28
  191.7543     3671.28
  191.8905     3671.28
  191.9743     3671.28
  192.0663     3671.28
  192.1753     3671.28
  192.2423     3671.28
  192.3983     3671.28
  192.5063     3671.28
  192.5970     3671.28
  192.6823     3671.28
  192.7477     3671.28
  192.8714     3671.28
  192.9948     3671.28
  193.1362     3671.28
  193.2049     3671.28
  193.3023     3671.28
  193.3983     3671.28
  193.4643     3671.28
  193.5663     3671.28
  193.6286     3671.28
  193.7183     3671.28
  193.8148     3671.28
  193.8643     3671.28
  193.9703     3671.28
  194.0663     3671.28
  194.1383     3671.28
  194.2383     3671.28
  194.3143     3671.28
  194.3811     3671.28
  194.4663     3671.28
  194.5983     3671.28
  194.6623     3671.28
  194.7703     3671.28
  194.9346     3671.28
  194.9905     3671.28
  195.1864     3671.28
  195.2527     3671.28
  195.3583     3671.28
  195.4520     3671.28
  195.5663     3671.28
  195.6543     3671.28
  195.7503     3671.28
  195.8368     3671.28
  195.9223     3671.28
  195.9646     3671.28
  196.0353     3671.28
  196.1041     3671.28
  196.1678     3671.28
  196.2429     3671.28
  196.3124     3671.28
  196.3823     3671.28
  196.4583     3671.28
  196.5358     3671.28
  196.6063     3671.28
  196.7035     3671.28
  196.7863     3671.28
  196.8423     3671.28
  196.9263     3671.28
  196.9783     3671.28
  197.0543     3671.28
  197.1310     3671.28
  197.1943     3671.28
  197.2790     3671.28
  197.3623     3671.28
  197.4583     3671.28
  197.5497     3671.28
  197.6223     3671.28
  197.6943     3671.28
  197.7646     3671.28
  197.8342     3671.28
  197.8983     3671.28
  197.9637     3671.28
  198.0403     3671.28
  198.1263     3671.28
  198.2063     3671.28
  198.2635     3671.28
  198.3383     3671.28
  198.3984     3671.28
  198.5063     3671.28
  198.5743     3671.28
  198.6477     3671.28
  198.7143     3671.28
  198.7682     3671.28
  198.8434     3671.28
  198.9223     3671.28
  198.9884     3671.28
  199.0885     3671.28
  199.1863     3671.28
  199.2703     3671.28
  199.3560     3671.28
  199.4445     3671.28
  199.5423     3671.28
  199.6399     3671.28
  199.7302     3671.28
  199.8583     3671.28
  199.9543     3671.28
  200.0358     3671.28
  200.1170     3671.28
  200.1931     3671.28
  200.2903     3671.28
  200.3663     3671.28
  200.4503     3671.28
  200.5223     3671.28
  200.6145     3671.28
  200.7123     3671.28
  200.8223     3671.28
  200.9143     3671.28
  201.0268     3671.28
  201.1078     3671.28
  201.1863     3671.28
  201.2526     3671.28
  201.3221     3671.28
  201.4103     3671.28
  201.4901     3671.28
  201.6023     3671.28
  201.6681     3671.28
  201.7463     3671.28
  201.8072     3671.28
  201.9023     3671.28
  202.0023     3671.28
  202.0903     3671.28
  202.1435     3671.28
  202.2103     3671.28
  202.3143     3671.28
  202.3983     3671.28
  202.4507     3671.28
  202.5263     3671.28
  202.5810     3671.28
  202.6503     3671.28
  202.7303     3671.28
  202.8183     3671.28
  202.8985     3671.28
  202.9663     3671.28
  203.0383     3671.28
  203.0903     3671.28
  203.1693     3671.28
  203.2623     3671.28
  203.3410     3671.28
  203.4183     3671.28
  203.4943     3671.28
  203.5492     3671.28
  203.6063     3671.28
  203.6512     3671.28
  203.7143     3671.28
  203.8023     3671.28
  203.8623     3671.28
  203.9183     3671.28
  203.9995     3671.28
  204.0571     3671.28
  204.1384     3671.28
  204.2023     3671.28
  204.2616     3671.28
  204.3393     3671.28
  204.4423     3671.28
  204.5006     3671.28
  204.5903     3671.28
  204.6343     3671.28
  204.7063     3671.28
  204.7736     3671.28
  204.8370     3671.28
  204.9303     3671.28
  205.0005     3671.28
  205.0367     3671.28
  205.1045     3671.28
  205.1685     3671.28
  205.2503     3671.28
  205.3143     3671.28
  205.3619     3671.28
  205.4303     3671.28
  205.4707     3671.28
  205.5343     3671.28
  205.6119     3671.28
  205.6663     3671.28
  205.7247     3671.28
  205.7943     3671.28
  205.8823     3671.28
  205.9823     3671.28
  206.0364     3671.28
  206.0922     3671.28
  206.1744     3671.28
  206.2583     3671.28
  206.3403     3671.28
  206.4303     3671.28
  206.5225     3671.28
  206.6103     3671.28
  206.6903     3671.28
  206.7403     3671.28
  206.8303     3671.28
  206.8863     3671.28
  206.9343     3671.28
  206.9890     3671.28
  207.0543     3671.28
  207.1543     3671.28
  207.2423     3671.28
  207.3109     3671.28
  207.3623     3671.28
  207.4463     3671.28
  207.5144     3671.28
  207.5825     3671.28
  207.6345     3671.28
  207.6983     3671.28
  207.7583     3671.28
  207.8370     3671.28
  207.8983     3671.28
  207.9637     3671.28
  208.0343     3671.28
  208.0943     3671.28
  208.1743     3671.28
  208.2515     3671.28
  208.3103     3671.28
  208.3609     3671.28
  208.4385     3671.28
  208.5143     3671.28
  208.5863     3671.28
  208.6405     3671.28
  208.6997     3671.28
  208.7887     3671.28
  208.8424     3671.28
  208.9143     3671.28
  208.9694     3671.28
  209.0383     3671.28
  209.0902     3671.28
  209.1663     3671.28
  209.2103     3671.28
  209.2703     3671.28
  209.3247     3671.28
  209.3779     3671.28
  209.4423     3671.28
  209.5063     3671.28
  209.5583     3671.28
  209.6183     3671.28
  209.6783     3671.28
  209.7408     3671.28
  209.7851     3671.28
  209.8877     3671.28
  209.9663     3671.28
  210.0328     3671.28
  210.0927     3671.28
  210.1503     3671.28
  210.2059     3671.28
  210.2783     3671.28
  210.3232     3671.28
  210.3903     3671.28
  210.4539     3671.28
  210.5239     3671.28
  210.6025     3671.28
  210.6783     3671.28
  210.7512     3671.28
  210.8503     3671.28
  210.9023     3671.28
  210.9489     3671.28
  211.0503     3671.28
  211.1104     3671.28
  211.1768     3671.28
  212.6531     3671.28
  212.7143     3671.28
  212.7875     3671.28
  212.8591     3671.28
  212.9303     3671.28
  213.0103     3671.28
  213.1023     3671.28
  213.2103     3671.28
  213.3246     3671.28
  213.3911     3671.28
  213.4628     3671.28
  213.5345     3671.28
  213.6503     3671.28
  213.7063     3671.28
  213.7583     3671.28
  213.8423     3671.28
  213.8928     3671.28
  213.9543     3671.28
  214.0204     3671.28
  214.0903     3671.28
  214.1440     3671.28
  214.2037     3671.28
  214.3103     3671.28
  214.3556     3671.28
  214.4183     3671.28
  214.4904     3671.28
  214.5698     3671.28
  214.6663     3671.28
  214.7128     3671.28
  214.7618     3671.28
  214.8303     3671.28
  214.9194     3671.28
  215.0559     3671.28
  215.1249     3671.28
  215.1844     3671.28
  215.2423     3671.28
  215.3303     3671.28
  215.4347     3671.28
  215.5503     3671.28
  215.6623     3671.28
  215.7251     3671.28
  215.8783     3671.28
  215.9241     3671.28
  215.9823     3671.28
  216.1263     3671.28
  216.2449     3671.28
  216.3445     3671.28
  216.4703     3671.28
  216.6063     3671.28
  216.7463     3671.28
  216.8343     3671.28
  216.9423     3671.28
  216.9693     3671.28
  217.1079     3671.28
  217.2284     3671.28
  217.3024     3671.28
  217.3872     3671.28
  217.4726     3671.28
  217.5823     3671.28
  217.6281     3671.28
  217.7029     3671.28
  217.7830     3671.28
  217.8637     3671.28
  217.9362     3671.28
  218.0401     3671.28
  218.1407     3671.28
  218.2128     3671.28
  218.3143     3671.28
  218.4389     3671.28
  218.5529     3671.28
  218.6383     3671.28
  218.7463     3671.28
  218.7983     3671.28
  218.8783     3671.28
  219.0123     3671.28
  219.0762     3671.28
  219.1743     3671.28
  219.2485     3671.28
  219.3263     3671.28
  219.4783     3671.28
  219.5703     3671.28
  219.6503     3671.28
  219.7508     3671.28
  219.8326     3671.28
  219.9372     3671.28
  220.0303     3671.28
  220.1423     3671.28
  220.2530     3671.28
  220.3632     3671.28
  220.4863     3671.28
  220.5317     3671.28
  220.6309     3671.28
  220.6806     3671.28
  220.7951     3671.28
  220.9063     3671.28
  220.9663     3671.28
  221.0903     3671.28
  221.2129     3671.28
  221.2846     3671.28
  221.3746     3671.28
  221.4423     3671.28
  221.5143     3671.28
  221.5983     3671.28
  221.6791     3671.28
  221.7703     3671.28
  221.8616     3671.28
  221.9624     3671.28
  222.0343     3671.28
  222.1143     3671.28
  222.2023     3671.28
  222.2795     3671.28
  222.4143     3671.28
  222.4983     3671.28
  222.5810     3671.28
  222.6805     3671.28
  222.7879     3671.28
  222.9223     3671.28
  223.0445     3671.28
  223.1828     3671.28
  223.2303     3671.28
  223.3450     3671.28
  223.5103     3671.28
  223.5868     3671.28
  223.6663     3671.28
  223.7743     3671.28
  223.8437     3671.28
  223.9718     3671.28
  224.0393     3671.28
  224.1503     3671.28
  224.2687     3671.28
  224.3943     3671.28
  224.4596     3671.28
  224.5613     3671.28
  224.6303     3671.28
  224.7033     3671.28
  224.7853     3671.28
  224.8463     3671.28
  224.9183     3671.28
  225.0223     3671.28
  225.0944     3671.28
  225.1863     3671.28
  225.2352     3671.28
  225.2934     3671.28
  225.3783     3671.28
  225.4390     3671.28
  225.5248     3671.28
  225.5981     3671.28
  225.6543     3671.28
  225.7054     3671.28
  225.8068     3671.28
  225.9048     3671.28
  226.0143     3671.28
  226.0689     3671.28
  226.1583     3671.28
  226.2223     3671.28
  226.2993     3671.28
  226.4255     3671.28
  226.5103     3671.28
  226.5743     3671.28
  226.6343     3671.28
  226.7023     3671.28
  226.7743     3671.28
  226.8903     3671.28
  226.9677     3671.28
  227.0503     3671.28
  227.1183     3671.28
  227.1732     3671.28
  227.2463     3671.28
  227.3183     3671.28
  227.3743     3671.28
  227.4463     3671.28
  227.5063     3671.28
  227.5770     3671.28
  227.6503     3671.28
  227.6970     3671.28
  227.7663     3671.28
  227.8503     3671.28
  227.9423     3671.28
  228.0063     3671.28
  228.0784     3671.28
  228.1331     3671.28
  228.2343     3671.28
  228.3074     3671.28
  228.4063     3671.28
  228.4823     3671.28
  228.5783     3671.28
  228.6423     3671.28
  228.7063     3671.28
  228.7943     3671.28
  228.8423     3671.28
  228.9143     3671.28
  228.9823     3671.28
  229.0288     3671.28
  229.0983     3671.28
  229.1813     3671.28
  229.2503     3671.28
  229.2956     3671.28
  229.3783     3671.28
  229.4501     3671.28
  229.4895     3671.28
  229.5534     3671.28
  229.5927     3671.28
  229.6562     3671.28
  229.7042     3671.28
  229.7842     3671.28
  229.8703     3671.28
  229.9333     3671.28
  230.0183     3671.28
  230.0862     3671.28
  230.1583     3671.28
  230.2143     3671.28
  230.2734     3671.28
  230.3783     3671.28
  230.4383     3671.28
  230.4903     3671.28
  230.5433     3671.28
  230.6251     3671.28
  230.6831     3671.28
  230.7783     3671.28
  230.8280     3671.28
  230.8903     3671.28
  230.9943     3671.28
  231.0482     3671.28
  231.1303     3671.28
  231.1983     3671.28
  231.2503     3671.28
  231.3294     3671.28
  231.4618     3671.28
  231.5503     3671.28
  231.6269     3671.28
  231.7143     3671.28
  231.7649     3671.28
  231.8310     3671.28
  231.9303     3671.28
  231.9822     3671.28
  232.0743     3671.28
  232.1823     3671.28
  232.2623     3671.28
  232.3471     3671.28
  232.4326     3671.28
  232.5063     3671.28
  232.5911     3671.28
  232.6529     3671.28
  232.7263     3671.28
  232.7983     3671.28
  232.8504     3671.28
  232.9317     3671.28
  233.0031     3671.28
  233.0903     3671.28
  233.1257     3671.28
  233.1943     3671.28
  233.2135     3671.28
  233.2725     3671.28
  233.3463     3671.28
  233.4604     3671.28
  233.5446     3671.28
  233.6704     3671.28
  233.8236     3671.28
  233.9404     3671.28
  234.0383     3671.28
  234.1263     3671.28
  234.2120     3671.28
  234.3223     3671.28
  234.4864     3671.28
  234.5623     3671.28
  234.6546     3671.28
  234.7484     3671.28
  234.8159     3671.28
  234.9350     3671.28
  235.0223     3671.28
  235.1063     3671.28
  235.2229     3671.28
  235.3343     3671.28
  235.4583     3671.28
  235.5047     3671.28
  235.5877     3671.28
  235.6743     3671.28
  235.7526     3671.28
  235.8521     3671.28
  235.9503     3671.28
  236.0201     3671.28
  236.1023     3671.28
  236.1823     3671.28
  236.2903     3671.28
  236.3543     3671.28
  236.4223     3671.28
  236.5263     3671.28
  236.6211     3671.28
  236.7307     3671.28
  236.9063     3671.28
  236.9884     3671.28
  237.0553     3671.28
  237.1463     3671.28
  237.2423     3671.28
  237.3343     3671.28
  237.3717     3671.28
  237.5192     3671.28
  237.6263     3671.28
  237.7307     3671.28
  237.8483     3671.28
  237.9638     3671.28
  238.0709     3671.28
  238.2154     3671.28
  238.3063     3671.28
  238.3962     3671.28
  238.5072     3671.28
  238.5990     3671.28
  238.6903     3671.28
  238.7503     3671.28
  238.8767     3671.28
  238.9797     3671.28
  239.1002     3671.28
  239.1703     3671.28
  239.2565     3671.28
  239.3431     3671.28
  239.4154     3671.28
  239.4640     3671.28
  239.5930     3671.28
  239.7183     3671.28
  239.7809     3671.28
  239.8771     3671.28
  239.9666     3671.28
  240.0691     3671.28
  240.1514     3671.28
  240.2917     3671.28
  240.4383     3671.28
  240.5212     3671.28
  240.6403     3671.28
  240.7183     3671.28
  240.8263     3671.28
  240.9439     3671.28
  241.0219     3671.28
  241.1183     3671.28
  241.2023     3671.28
  241.2943     3671.28
  241.3703     3671.28
  241.4601     3671.28
  241.5363     3671.28
  241.6183     3671.28
  241.7195     3671.28
  241.7995     3671.28
  241.9003     3671.28
  241.9688     3671.28
  242.0463     3671.28
  242.0950     3671.28
  242.1823     3671.28
  242.2949     3671.28
  242.4063     3671.28
  242.5063     3671.28
  242.5913     3671.28
  242.6826     3671.28
  242.7743     3671.28
  242.8303     3671.28
  242.9328     3671.28
  242.9983     3671.28
  243.0503     3671.28
  243.1370     3671.28
  243.2263     3671.28
  243.2783     3671.28
  243.3571     3671.28
  243.4568     3671.28
  243.5583     3671.28
  243.6543     3671.28
  243.7383     3671.28
  243.7863     3671.28
  243.8960     3671.28
  243.9783     3671.28
  244.1183     3671.28
  244.2343     3671.28
  244.3379     3671.28
  244.3964     3671.28
  244.4807     3671.28
  244.5630     3671.28
  244.6946     3671.28
  244.7671     3671.28
  244.8685     3671.28
  244.9153     3671.28
  245.0183     3671.28
  246.4498     3671.28
  246.5845     3671.28
  246.6550     3671.28
  246.7550     3671.28
  246.8605     3671.28
  246.9525     3671.28
  247.0592     3671.28
  247.1885     3671.28
  247.3547     3671.28
  247.4468     3671.28
  247.5285     3671.28
  247.6085     3671.28
  247.6805     3671.28
  247.7605     3671.28
  247.8565     3671.28
  247.9405     3671.28
  248.0045     3671.28
  248.0685     3671.28
  248.1605     3671.28
  248.2582     3671.28
  248.3736     3671.28
  248.4616     3671.28
  248.5525     3671.28
  248.6925     3671.28
  248.7685     3671.28
  248.8645     3671.28
  248.9267     3671.28
  249.0005     3671.28
  249.0805     3671.28
  249.1685     3671.28
  249.2347     3671.28
  249.3285     3671.28
  249.3968     3671.28
  249.4527     3671.28
  249.5365     3671.28
  249.5967     3671.28
  249.6741     3671.28
  249.7581     3671.28
  249.8285     3671.28
  249.9212     3671.28
  249.9975     3671.28
  250.0837     3671.28
  250.1902     3671.28
  250.3205     3671.28
  250.4168     3671.28
  250.5304     3671.28
  250.6232     3671.28
  250.7591     3671.28
  250.8780     3671.28
  251.0005     3671.28
  251.0930     3671.28
  251.2212     3671.28
  251.3091     3671.28
  251.4445     3671.28
  251.5054     3671.28
  251.6272     3671.28
  251.7051     3671.28
  251.8226     3671.28
  251.9445     3671.28
  252.0137     3671.28
  252.1525     3671.28
  252.2645     3671.28
  252.3594     3671.28
  252.4703     3671.28
  252.6165     3671.28
  252.7045     3671.28
  252.8264     3671.28
  252.9212     3671.28
  253.0085     3671.28
  253.1365     3671.28
  253.2706     3671.28
  253.3765     3671.28
  253.4970     3671.28
  253.5805     3671.28
  253.6293     3671.28
  253.7020     3671.28
  253.7904     3671.28
  253.8565     3671.28
  253.9565     3671.28
  254.0782     3671.28
  254.1605     3671.28
  254.2250     3671.28
  254.3422     3671.28
  254.4606     3671.28
  254.5565     3671.28
  254.7047     3671.28
  254.8045     3671.28
  254.8965     3671.28
  255.0005     3671.28
  255.1325     3671.28
  255.2365     3671.28
  255.3463     3671.28
  255.4765     3671.28
  255.5486     3671.28
  255.6405     3671.28
  255.7205     3671.28
  255.8165     3671.28
  255.8845     3671.28
  255.9565     3671.28
  256.0406     3671.28
  256.1172     3671.28
  256.1965     3671.28
  256.2538     3671.28
  256.3245     3671.28
  256.4066     3671.28
  256.4845     3671.28
  256.5605     3671.28
  256.6165     3671.28
  256.6885     3671.28
  256.7525     3671.28
  256.8225     3671.28
  256.9445     3671.28
  257.0514     3671.28
  257.1298     3671.28
  257.2314     3671.28
  257.3304     3671.28
  257.4525     3671.28
  257.5062     3671.28
  257.5810     3671.28
  257.6649     3671.28
  257.7829     3671.28
  257.8747     3671.28
  257.9417     3671.28
  258.0365     3671.28
  258.1325     3671.28
  258.2301     3671.28
  258.3165     3671.28
  258.3987     3671.28
  258.4821     3671.28
  258.5912     3671.28
  258.6795     3671.28
  258.7845     3671.28
  258.8685     3671.28
  258.9382     3671.28
  259.0485     3671.28
  259.1470     3671.28
  259.2445     3671.28
  259.3056     3671.28
  259.3925     3671.28
  259.4725     3671.28
  259.5673     3671.28
  259.6566     3671.28
  259.7263     3671.28
  259.8605     3671.28
  259.9286     3671.28
  260.0022     3671.28
  260.1280     3671.28
  260.2085     3671.28
  260.2535     3671.28
  260.3245     3671.28
  260.3748     3671.28
  260.4525     3671.28
  260.5125     3671.28
  260.5813     3671.28
  260.6685     3671.28
  260.7479     3671.28
  260.8365     3671.28
  260.9022     3671.28
  261.0165     3671.28
  261.0734     3671.28
  261.1433     3671.28
  261.2357     3671.28
  261.2996     3671.28
  261.3685     3671.28
  261.4325     3671.28
  261.5245     3671.28
  261.5845     3671.28
  261.6616     3671.28
  261.7485     3671.28
  261.8205     3671.28
  261.8725     3671.28
  261.9284     3671.28
  261.9965     3671.28
  262.0646     3671.28
  262.1445     3671.28
  262.2245     3671.28
  262.2776     3671.28
  262.3514     3671.28
  262.4455     3671.28
  262.5125     3671.28
  262.5765     3671.28
  262.6445     3671.28
  262.7224     3671.28
  262.8165     3671.28
  262.8885     3671.28
  262.9605     3671.28
  263.0165     3671.28
  263.0752     3671.28
  263.1485     3671.28
  263.2386     3671.28
  263.3245     3671.28
  263.3805     3671.28
  263.4445     3671.28
  263.5165     3671.28
  263.5965     3671.28
  263.6725     3671.28
  263.7525     3671.28
  263.8445     3671.28
  263.9045     3671.28
  263.9925     3671.28
  264.0782     3671.28
  264.1693     3671.28
  264.2631     3671.28
  264.3433     3671.28
  264.4125     3671.28
  264.4765     3671.28
  264.5525     3671.28
  264.6245     3671.28
  264.7210     3671.28
  264.8005     3671.28
  264.9165     3671.28
  265.0165     3671.28
  265.0784     3671.28
  265.1725     3671.28
  265.2325     3671.28
  265.3485     3671.28
  265.4285     3671.28
  265.5005     3671.28
  265.5898     3671.28
  265.6918     3671.28
  265.7965     3671.28
  265.8864     3671.28
  265.9718     3671.28
  266.0445     3671.28
  266.1485     3671.28
  266.2295     3671.28
  266.3155     3671.28
  266.4445     3671.28
  266.5588     3671.28
  266.6285     3671.28
  266.7205     3671.28
  266.8405     3671.28
  266.9651     3671.28
  267.0965     3671.28
  267.1650     3671.28
  267.2485     3671.28
  267.3165     3671.28
  267.3732     3671.28
  267.4474     3671.28
  267.5315     3671.28
  267.6125     3671.28
  267.6821     3671.28
  267.7437     3671.28
  267.8125     3671.28
  267.8832     3671.28
  267.9525     3671.28
  268.0332     3671.28
  268.1405     3671.28
  268.2085     3671.28
  268.3045     3671.28
  268.3700     3671.28
  268.4486     3671.28
  268.4925     3671.28
  268.5525     3671.28
  268.6018     3671.28
  268.6725     3671.28
  268.7281     3671.28
  268.8045     3671.28
  268.8680     3671.28
  268.9685     3671.28
  269.0450     3671.28
  269.1205     3671.28
  269.1736     3671.28
  269.2525     3671.28
  269.3219     3671.28
  269.4125     3671.28
  269.4914     3671.28
  269.5525     3671.28
  269.6206     3671.28
  269.6613     3671.28
  269.7612     3671.28
  269.8365     3671.28
  269.9118     3671.28
  269.9765     3671.28
  270.0719     3671.28
  270.1755     3671.28
  270.2575     3671.28
  270.3205     3671.28
  270.4205     3671.28
  270.4885     3671.28
  270.5845     3671.28
  270.6502     3671.28
  270.7161     3671.28
  270.7765     3671.28
  270.8259     3671.28
  270.9325     3671.28
  270.9938     3671.28
  271.0685     3671.28
  271.1211     3671.28
  271.2045     3671.28
  271.2559     3671.28
  271.3285     3671.28
  271.3860     3671.28
  271.4586     3671.28
  271.5245     3671.28
  271.5930     3671.28
  271.6565     3671.28
  271.7299     3671.28
  271.8023     3671.28
  271.8667     3671.28
  271.9685     3671.28
  272.0027     3671.28
  272.0643     3671.28
  272.1405     3671.28
  272.1894     3671.28
  272.2471     3671.28
  272.3165     3671.28
  272.3862     3671.28
  272.4686     3671.28
  272.5315     3671.28
  272.5845     3671.28
  272.6485     3671.28
  272.7154     3671.28
  272.7765     3671.28
  272.8485     3671.28
  272.9245     3671.28
  273.0005     3671.28
  273.1085     3671.28
  273.1925     3671.28
  273.2685     3671.28
  273.3685     3671.28
  273.4509     3671.28
  273.5125     3671.28
  273.5837     3671.28
  273.6685     3671.28
  273.7340     3671.28
  273.8078     3671.28
  273.8925     3671.28
  273.9375     3671.28
  274.0125     3671.28
  274.0676     3671.28
  274.1566     3671.28
  274.2460     3671.28
  274.3205     3671.28
  274.3900     3671.28
  274.4645     3671.28
  274.5286     3671.28
  274.5925     3671.28
  274.6377     3671.28
  274.6913     3671.28
  274.7565     3671.28
  274.8405     3671.28
  274.8899     3671.28
  274.9685     3671.28
  275.0328     3671.28
  275.1085     3671.28
  275.1967     3671.28
  275.2563     3671.28
  275.3406     3671.28
  275.4243     3671.28
  275.4965     3671.28
  275.5593     3671.28
  275.6245     3671.28
  275.6805     3671.28
  275.7565     3671.28
  275.8365     3671.28
  275.9055     3671.28
  275.9956     3671.28
  276.0965     3671.28
  276.1452     3671.28
  276.2205     3671.28
  276.2564     3671.28
  276.3206     3671.28
  276.3885     3671.28
  276.4468     3671.28
  276.5085     3671.28
  276.5925     3671.28
  276.6885     3671.28
  276.8010     3671.28
  276.9045     3671.28
  276.9824     3671.28
  277.1085     3671.28
  277.1781     3671.28
  277.2325     3671.28
  277.3365     3671.28
  277.3965     3671.28
  277.4685     3671.28
  277.5300     3671.28
  277.5925     3671.28
  277.6645     3671.28
  277.7520     3671.28
  277.8165     3671.28
  277.8965     3671.28
  277.9765     3671.28
  278.0485     3671.28
  278.1326     3671.28
  278.1925     3671.28
  278.2670     3671.28
  278.3365     3671.28
  278.3907     3671.28
  278.4558     3671.28
  278.5325     3671.28
  278.5908     3671.28
  278.6610     3671.28
  280.0955     3671.28
  280.1556     3671.28
  280.2692     3671.28
  280.3476     3671.28
  280.4276     3671.28
  280.5206     3671.28
  280.6140     3671.28
  280.7116     3671.28
  280.7903     3671.28
  280.8797     3671.28
  280.9436     3671.28
  281.0316     3671.28
  281.0905     3671.28
  281.1876     3671.28
  281.2528     3671.28
  281.3436     3671.28
  281.4071     3671.28
  281.5076     3671.28
  281.5756     3671.28
  281.6595     3671.28
  281.7676     3671.28
  281.8374     3671.28
  281.9316     3671.28
  282.0196     3671.28
  282.1156     3671.28
  282.1996     3671.28
  282.2692     3671.28
  282.3470     3671.28
  282.4333     3671.28
  282.5690     3671.28
  282.6876     3671.28
  282.7485     3671.28
  282.8179     3671.28
  282.9070     3671.28
  283.0316     3671.28
  283.0877     3671.28
  283.1329     3671.28
  283.2444     3671.28
  283.3156     3671.28
  283.4037     3671.28
  283.5055     3671.28
  283.5745     3671.28
  283.6762     3671.28
  283.7860     3671.28
  283.8555     3671.28
  283.9652     3671.28
  284.0396     3671.28
  284.1084     3671.28
  284.1676     3671.28
  284.2356     3671.28
  284.3276     3671.28
  284.3757     3671.28
  284.4941     3671.28
  284.5735     3671.28
  284.6261     3671.28
  284.6967     3671.28
  284.7701     3671.28
  284.8557     3671.28
  284.9276     3671.28
  285.0196     3671.28
  285.0916     3671.28
  285.1653     3671.28
  285.2490     3671.28
  285.3216     3671.28
  285.4093     3671.28
  285.4745     3671.28
  285.5567     3671.28
  285.6396     3671.28
  285.7396     3671.28
  285.8244     3671.28
  285.9010     3671.28
  285.9884     3671.28
  286.0852     3671.28
  286.2010     3671.28
  286.3002     3671.28
  286.4178     3671.28
  286.5369     3671.28
  286.6721     3671.28
  286.7796     3671.28
  286.8618     3671.28
  286.9410     3671.28
  287.0112     3671.28
  287.1208     3671.28
  287.2043     3671.28
  287.3436     3671.28
  287.3942     3671.28
  287.5039     3671.28
  287.5615     3671.28
  287.6236     3671.28
  287.6797     3671.28
  287.7556     3671.28
  287.7983     3671.28
  287.8596     3671.28
  287.9123     3671.28
  287.9901     3671.28
  288.0783     3671.28
  288.1356     3671.28
  288.2437     3671.28
  288.3096     3671.28
  288.4436     3671.28
  288.5437     3671.28
  288.6368     3671.28
  288.7191     3671.28
  288.8037     3671.28
  288.9159     3671.28
  289.0476     3671.28
  289.2030     3671.28
  289.3155     3671.28
  289.4597     3671.28
  289.6858     3671.28
  289.8197     3671.28
  289.9336     3671.28
  290.0520     3671.28
  290.1958     3671.28
  290.3637     3671.28
  290.4877     3671.28
  290.6022     3671.28
  290.7316     3671.28
  290.8101     3671.28
  290.9923     3671.28
  291.0872     3671.28
  291.2250     3671.28
  291.5399     3671.28
  291.6676     3671.28
  291.7293     3671.28
  291.9276     3671.28
  292.0231     3671.28
  292.1214     3671.28
  292.2229     3671.28
  292.3132     3671.28
  292.4087     3671.28
  292.4876     3671.28
  292.5636     3671.28
  292.7081     3671.28
  292.8524     3671.28
  293.0455     3671.28
  293.1597     3671.28
  293.3116     3671.28
  293.4476     3671.28
  293.5596     3671.28
  293.7076     3671.28
  293.8738     3671.28
  294.0076     3671.28
  294.0810     3671.28
  294.2141     3671.28
  294.3784     3671.28
  294.5316     3671.28
  294.6196     3671.28
  294.7099     3671.28
  294.8318     3671.28
  294.9180     3671.28
  295.0597     3671.28
  295.1316     3671.28
  295.1778     3671.28
  295.2482     3671.28
  295.3436     3671.28
  295.4077     3671.28
  295.4945     3671.28
  295.6163     3671.28
  295.7396     3671.28
  295.8122     3671.28
  295.9236     3671.28
  296.0036     3671.28
  296.1542     3671.28
  296.2557     3671.28
  296.3363     3671.28
  296.4356     3671.28
  296.5599     3671.28
  296.6653     3671.28
  296.7764     3671.28
  296.8781     3671.28
  296.9954     3671.28
  297.1760     3671.28
  297.2922     3671.28
  297.4574     3671.28
  297.5877     3671.28
  297.6567     3671.28
  297.7864     3671.28
  297.9078     3671.28
  298.0145     3671.28
  298.1298     3671.28
  298.2004     3671.28
  298.2966     3671.28
  298.4533     3671.28
  298.5724     3671.28
  298.9158     3671.28
  299.0757     3671.28
  299.2815     3671.28
  299.4584     3671.28
  299.6917     3671.28
  299.9194     3671.28
  300.0583     3671.28
