    0.0656     7177.55
    0.1042     7177.55
    0.1362     7177.55
    0.1721     7177.55
    0.2167     7177.55
    0.2692     7177.55
    0.3452     5555.04
    0.3892     5555.04
    0.4263     5555.04
    0.4787     5555.04
    0.5292     5555.04
    0.5732     5555.04
    0.6492     5555.04
    0.7052     5555.04
    0.8092     5555.04
    0.8572     5555.04
    0.9052     5555.04
    0.9947     5555.04
    1.1105     5555.04
    1.1894     5555.04
    1.2638     5555.04
    1.3612     5555.04
    1.4172     5555.04
    1.4941     5555.04
    1.5652     5555.04
    1.6652     5555.04
    1.7292     5555.04
    1.7972     5555.04
    1.8452     5555.04
    1.9292     5555.04
    1.9909     5555.04
    2.0673     5555.04
    2.1572     5555.04
    2.2201     5555.04
    2.2852     5555.04
    2.3332     5555.04
    2.3687     5555.04
    2.4412     5555.04
    2.5030     5555.04
    2.5717     5555.04
    2.6411     5555.04
    2.7012     5555.04
    2.7513     5555.04
    2.7977     5555.04
    2.8452     5555.04
    2.8854     5555.04
    2.9532     5555.04
    3.0063     5555.04
    3.0620     5555.04
    3.1372     5555.04
    3.1871     5555.04
    3.2506     5555.04
    3.3012     5555.04
    3.3505     5555.04
    3.4132     5555.04
    3.4579     5555.04
    3.5412     5555.04
    3.6012     5555.04
    3.6469     5555.04
    3.6946     5555.04
    3.7567     5555.04
    3.8212     5555.04
    3.8791     5555.04
    3.9394     5555.04
    3.9973     5555.04
    4.0466     5555.04
    4.1116     5555.04
    4.1647     5555.04
    4.2292     5555.04
    4.3034     5555.04
    4.3659     5555.04
    4.4273     5555.04
    4.4712     5555.04
    4.5412     5555.04
    4.6004     5555.04
    4.6612     5555.04
    4.7293     5555.04
    4.7852     5555.04
    4.8368     5555.04
    4.8949     5555.04
    4.9452     5555.04
    5.0022     5555.04
    5.0721     5555.04
    5.1332     5555.04
    5.1759     5555.04
    5.2340     5555.04
    5.3012     5555.04
    5.3549     5555.04
    5.4185     5555.04
    5.4772     5555.04
    5.5219     5555.04
    5.5732     5555.04
    5.6141     5555.04
    5.6652     5555.04
    5.7172     5555.04
    5.7732     5555.04
    5.8193     5555.04
    5.8720     5555.04
    5.9332     5555.04
    5.9772     5555.04
    6.0372     5555.04
    6.1052     5555.04
    6.1596     5555.04
    6.2172     5555.04
    6.2732     5555.04
    6.3467     5555.04
    6.4372     5555.04
    6.4932     5555.04
    6.5612     5555.04
    6.6147     5555.04
    6.7132     5555.04
    6.7646     5555.04
    6.8092     5555.04
    6.8612     5555.04
    6.9292     5555.04
    6.9732     5555.04
    7.0292     5555.04
    7.0727     5555.04
    7.1452     5546.64
    7.1932     5546.64
    7.2406     5546.64
    7.2972     5546.64
    7.3612     5546.64
    7.4252     5546.64
    7.4854     5546.64
    7.5452     5546.64
    7.6092     5546.64
    7.6732     5546.64
    7.7212     5546.64
    7.7641     5546.64
    7.8292     5546.64
    7.8812     5546.64
    7.9394     5546.64
    7.9988     5546.64
    8.0612     5546.64
    8.1325     5546.64
    8.2092     5546.64
    8.2699     5546.64
    8.3292     5546.64
    8.3567     5546.64
    8.4137     5546.64
    8.4812     5546.64
    8.5254     5546.64
    8.5812     5546.64
    8.6242     5546.64
    8.7132     5546.64
    8.7772     5546.64
    8.8772     5546.64
    8.9867     5546.64
    9.0558     5546.64
    9.1452     5546.64
    9.2144     5546.64
    9.3000     5546.64
    9.3892     5546.64
    9.4852     5546.64
    9.5492     5546.64
    9.6132     5546.64
    9.6866     5546.64
    9.7497     5546.64
    9.9024     5546.64
    9.9812     5546.64
   10.0708     5546.64
   10.1605     5546.64
   10.2336     5546.64
   10.3015     5546.64
   10.4037     5484.76
   10.4616     5484.76
   10.5212     5484.76
   10.5692     5484.76
   10.6099     5484.76
   10.6572     5484.76
   10.7092     5484.76
   10.7732     5484.76
   10.8172     5484.76
   10.8852     5484.76
   10.9492     5484.76
   11.0092     5484.76
   11.0892     5484.76
   11.1334     5484.76
   11.1802     5484.76
   11.2452     5484.76
   11.2853     5484.76
   11.3412     5484.76
   11.3892     5484.76
   11.4476     5484.76
   11.5132     5484.76
   11.5694     5484.76
   11.6172     5484.76
   11.6732     5484.76
   11.7168     5484.76
   11.7789     5484.76
   11.8572     5484.76
   11.9012     5484.76
   11.9612     5484.76
   12.0139     5484.76
   12.0652     5484.76
   12.1380     5484.76
   12.1932     5484.76
   12.2512     5484.76
   12.3172     5484.76
   12.3732     5484.76
   12.4212     5484.76
   12.4758     5484.76
   12.5351     5484.76
   12.6092     5484.76
   12.6732     5484.76
   12.7207     5484.76
   12.7638     5484.76
   12.8417     5484.76
   12.9132     5484.76
   12.9700     5484.76
   13.0332     5484.76
   13.0773     5484.76
   13.1412     5484.76
   13.1852     5484.76
   13.2502     5465.97
   13.3252     5465.97
   13.3970     5465.97
   13.4772     5465.97
   13.5049     5465.97
   13.5772     5465.97
   13.6372     5465.97
   13.6812     5465.97
   13.7223     5465.97
   13.7773     5465.97
   13.8444     5465.97
   13.9172     5465.97
   13.9726     5465.97
   14.0332     5465.97
   14.1132     5465.97
   14.1612     5465.97
   14.2132     5465.97
   14.2572     5465.97
   14.3052     5465.97
   14.3732     5465.97
   14.4215     5465.97
   14.4772     5465.97
   14.5232     5465.97
   14.5757     5465.97
   14.6292     5465.97
   14.6692     5465.97
   14.7254     5465.97
   14.7812     5465.97
   14.8412     5465.97
   14.9057     5465.97
   14.9612     5465.97
   15.0241     5465.97
   15.1012     5465.97
   15.1710     5465.97
   15.2619     5465.97
   15.3372     5465.97
   15.3941     5465.97
   15.4631     5465.97
   15.5516     5465.97
   15.6392     5465.97
   15.7015     5465.97
   15.7631     5465.97
   15.8220     5465.97
   15.8892     5465.97
   15.9451     5465.97
   16.0532     5465.97
   16.0943     5465.97
   16.1785     5465.97
   16.2412     5465.97
   16.3062     5465.97
   16.3652     5465.97
   16.4391     5465.97
   16.5316     5465.97
   16.6252     5465.97
   16.6912     5465.97
   16.7652     5465.97
   16.8532     5465.97
   16.9332     5465.97
   17.0001     5465.97
   17.0772     5465.97
   17.1412     5465.97
   17.2065     5465.97
   17.2733     5465.97
   17.3537     5465.97
   17.4172     5465.97
   17.4513     5465.97
   17.5252     5465.97
   17.6252     5465.97
   17.6592     5465.97
   17.7188     5465.97
   17.7852     5465.97
   17.8332     5465.97
   17.9278     5465.97
   17.9812     5465.97
   18.0381     5465.97
   18.1172     5465.97
   18.1655     5465.97
   18.2275     5465.97
   18.2852     5465.97
   18.3560     5465.97
   18.4072     5465.97
   18.4667     5465.97
   18.5372     5465.97
   18.5922     5465.97
   18.6612     5465.97
   18.7139     5465.97
   18.7812     5465.97
   18.8292     5465.97
   18.9052     5465.97
   18.9532     5465.97
   19.0132     5465.97
   19.0532     5465.97
   19.1143     5465.97
   19.1732     5465.97
   19.2212     5465.97
   19.2772     5465.97
   19.3172     5465.97
   19.3642     5465.97
   19.4455     5365.73
   19.4932     5365.73
   19.5532     5365.73
   19.6372     5365.73
   19.6786     5365.73
   19.7268     5365.73
   19.7772     5365.73
   19.8412     5365.73
   19.9012     5365.73
   19.9456     5365.73
   19.9992     5365.73
   20.0572     5365.73
   20.0994     5365.73
   20.1572     5365.73
   20.2064     5365.73
   20.2772     5365.73
   20.3372     5365.73
   20.3920     5365.73
   20.4460     5365.73
   20.4852     5365.73
   20.5332     5365.73
   20.5852     5365.73
   20.6260     5365.73
   20.6852     5365.73
   20.7474     5365.73
   20.8052     5365.73
   20.8492     5365.73
   20.9132     5365.73
   20.9592     5365.73
   21.0169     5365.73
   21.0892     5365.73
   21.1317     5365.73
   21.1892     5365.73
   21.2452     5365.73
   21.3092     5365.73
   21.3772     5365.73
   21.4412     5365.73
   21.4891     5365.73
   21.5732     5365.73
   21.6372     5365.73
   21.6892     5365.73
   21.7384     5365.73
   21.8012     5365.73
   21.8669     5365.73
   21.9372     5365.73
   21.9862     5365.73
   22.0646     5365.73
   22.1292     5365.73
   22.1703     5365.73
   22.2191     5365.73
   22.2796     5365.73
   22.3332     5365.73
   22.3812     5365.73
   22.4332     5365.73
   22.4895     5365.73
   22.5732     5365.73
   22.6251     5365.73
   22.6892     5365.73
   22.7297     5365.73
   22.7932     5365.73
   22.8371     5365.73
   22.8892     5365.73
   22.9492     5365.73
   23.0212     5365.73
   23.0538     5365.73
   23.1492     5365.73
   23.1996     5365.73
   23.2652     5365.73
   23.3023     5365.73
   23.3692     5365.73
   23.4372     5365.73
   23.5372     5365.73
   23.5953     5365.73
   23.6836     5365.73
   23.7338     5365.73
   23.8314     5365.73
   23.8972     5365.73
   23.9892     5365.73
   24.0812     5365.73
   24.1492     5365.73
   24.2252     5365.73
   24.2843     5365.73
   24.3532     5365.73
   24.3933     5365.73
   24.4572     5365.73
   24.5092     5365.73
   24.5532     5365.73
   24.6172     5365.73
   24.6572     5365.73
   24.7132     5365.73
   24.7812     5365.73
   24.8412     5365.73
   24.8754     5365.73
   24.9452     5365.73
   25.0132     5365.73
   25.0652     5365.73
   25.1222     5365.73
   25.1892     5365.73
   25.2440     5365.73
   25.3834     5365.73
   25.4852     5365.73
   25.5591     5365.73
   25.6212     5365.73
   25.6692     5365.73
   25.7492     5365.73
   25.8066     5365.73
   25.8808     5365.73
   25.9412     5365.73
   26.0052     5365.73
   26.0758     5365.73
   26.1612     5365.73
   26.2292     5365.73
   26.2932     5365.73
   26.3492     5365.73
   26.4027     5365.73
   26.4692     5365.73
   26.5657     5365.73
   26.6393     5365.73
   26.6963     5365.73
   26.7633     5365.73
   26.8278     5365.73
   26.9252     5365.73
   27.0012     5365.73
   27.0692     5365.73
   27.1308     5365.73
   27.1947     5365.73
   27.2572     5365.73
   27.3318     5365.73
   27.4092     5365.73
   27.4932     5365.73
   27.5491     5365.73
   27.6060     5365.73
   27.6892     5365.73
   27.7568     5365.73
   27.8212     5365.73
   27.8732     5365.73
   27.9333     5365.73
   28.0109     5365.73
   28.1146     5365.73
   28.2057     5365.73
   28.2852     5365.73
   28.3433     5365.73
   28.3934     5365.73
   28.4492     5365.73
   29.7194     5365.73
   29.7935     5365.73
   29.8514     5365.73
   29.9234     5365.73
   29.9723     5365.73
   30.0754     5365.73
   30.1514     5365.73
   30.2874     5365.73
   30.3557     5365.73
   30.4354     5365.73
   30.4914     5365.73
   30.5394     5365.73
   30.5648     5365.73
   30.6499     5365.73
   30.6994     5365.73
   30.7714     5365.73
   30.8474     5365.73
   30.9101     5365.73
   30.9921     5365.73
   31.0674     5365.73
   31.1285     5365.73
   31.2101     5365.73
   31.3154     5365.73
   31.3562     5365.73
   31.4355     5365.73
   31.4994     5365.73
   31.5831     5365.73
   31.6556     5365.73
   31.7050     5365.73
   31.7433     5365.73
   31.7926     5365.73
   31.8860     5365.73
   31.9360     5365.73
   31.9964     5365.73
   32.0424     5365.73
   32.0922     5365.73
   32.1823     5365.73
   32.2674     5365.73
   32.3365     5365.73
   32.4321     5365.73
   32.5354     5365.73
   32.5954     5365.73
   32.6936     5365.73
   32.7394     5365.73
   32.8242     5365.73
   32.8766     5365.73
   33.0267     5365.73
   33.1116     5365.73
   33.1634     5365.73
   33.2754     5365.73
   33.3546     5365.73
   33.3879     5365.73
   33.4512     5365.73
   33.5558     5365.73
   33.6641     5365.73
   33.7747     5365.73
   33.8514     5365.73
   33.9088     5365.73
   33.9754     5365.73
   34.0314     5365.73
   34.0754     5365.73
   34.1394     5365.73
   34.1874     5365.73
   34.2647     5365.73
   34.3373     5365.73
   34.4194     5365.73
   34.5354     5365.73
   34.6234     5365.73
   34.7154     5365.73
   34.7513     5365.73
   34.8314     5365.73
   34.9076     5365.73
   34.9727     5365.73
   35.0557     5365.73
   35.1408     5365.73
   35.2157     5365.73
   35.2836     5365.73
   35.3678     5365.73
   35.4850     5365.73
   35.5594     5365.73
   35.6074     5365.73
   35.6325     5365.73
   35.7240     5365.73
   35.8234     5365.73
   35.8974     5365.73
   36.0023     5365.73
   36.1314     5365.73
   36.2057     5365.73
   36.2815     5365.73
   36.3079     5365.73
   36.4295     5365.73
   36.5281     5365.73
   36.5837     5365.73
   36.7059     5365.73
   36.7732     5365.73
   36.8678     5365.73
   37.0062     5365.73
   37.0445     5365.73
   37.1120     5365.73
   37.1914     5365.73
   37.2757     5365.73
   37.3623     5365.73
   37.4422     5365.73
   37.5357     5365.73
   37.6194     5365.73
   37.6914     5365.73
   37.7954     5365.73
   37.8608     5365.73
   37.9283     5365.73
   38.0246     5365.73
   38.1092     5365.73
   38.2274     5365.73
   38.2914     5365.73
   38.3394     5365.73
   38.3834     5365.73
   38.4314     5365.73
   38.4676     5365.73
   38.5081     5365.73
   38.5474     5365.73
   38.6194     5365.73
   38.7570     5319.04
   38.8915     5319.04
   39.0089     5319.04
   39.0994     5319.04
   39.1845     5319.04
   39.2564     5319.04
   39.3221     5319.04
   39.4089     5319.04
   39.5097     5319.04
   39.5841     5319.04
   39.6603     5319.04
   39.7634     5319.04
   39.8594     5319.04
   39.9537     5319.04
   40.0259     5319.04
   40.1002     5319.04
   40.1689     5319.04
   40.2554     5319.04
   40.3074     5319.04
   40.4116     5319.04
   40.4640     5319.04
   40.5314     5319.04
   40.5937     5319.04
   40.6756     5319.04
   40.7333     5319.04
   40.7998     5319.04
   40.8797     5319.04
   40.9764     5319.04
   41.0286     5319.04
   41.1021     5319.04
   41.1813     5319.04
   41.2574     5319.04
   41.3434     5319.04
   41.4173     5319.04
   41.5343     5319.04
   41.5778     5319.04
   41.6826     5319.04
   41.7834     5319.04
   41.8498     5319.04
   41.9246     5319.04
   42.0330     5319.04
   42.1082     5319.04
   42.1914     5319.04
   42.2674     5319.04
   42.3237     5319.04
   42.4074     5319.04
   42.5075     5319.04
   42.5613     5319.04
   42.6301     5319.04
   42.6994     5319.04
   42.7766     5319.04
   42.9142     5319.04
   42.9802     5319.04
   43.0648     5319.04
   43.1354     5319.04
   43.1914     5319.04
   43.2639     5319.04
   43.3167     5319.04
   43.3604     5319.04
   43.4241     5319.04
   43.4960     5319.04
   43.6054     5319.04
   43.6706     5319.04
   43.7766     5319.04
   43.8845     5319.04
   44.0714     5319.04
   44.1340     5319.04
   44.1994     5319.04
   44.2511     5319.04
   44.3554     5319.04
   44.4314     5319.04
   44.4955     5319.04
   44.5449     5319.04
   44.6003     5319.04
   44.6795     5319.04
   44.7534     5319.04
   44.8209     5319.04
   44.9314     5319.04
   44.9726     5319.04
   45.0200     5319.04
   45.0781     5319.04
   45.1834     5319.04
   45.2634     5319.04
   45.2983     5319.04
   45.3874     5319.04
   45.4758     5319.04
   45.5739     5319.04
   45.6581     5319.04
   45.7405     5319.04
   45.8324     5319.04
   45.9406     5319.04
   45.9794     5319.04
   46.0734     5319.04
   46.1795     5319.04
   46.2961     5319.04
   46.3834     5319.04
   46.4434     5319.04
   46.4914     5319.04
   46.5487     5319.04
   46.6061     5319.04
   46.7196     5319.04
   46.8244     5319.04
   46.9514     5319.04
   47.0100     5319.04
   47.0607     5319.04
   47.1254     5319.04
   47.1917     5319.04
   47.2806     5319.04
   47.3290     5319.04
   47.4401     5319.04
   47.5728     5319.04
   47.6440     5319.04
   47.7309     5319.04
   47.7964     5319.04
   47.8242     5319.04
   47.9220     5319.04
   48.0176     5319.04
   48.1120     5319.04
   48.1607     5319.04
   48.2806     5319.04
   48.3768     5319.04
   48.4424     5319.04
   48.5250     5319.04
   48.5874     5319.04
   48.6619     5319.04
   48.7514     5319.04
   48.8221     5319.04
   48.8874     5319.04
   48.9335     5319.04
   48.9840     5319.04
   49.0714     5319.04
   49.1274     5319.04
   49.1963     5319.04
   49.2922     5319.04
   49.3767     5319.04
   49.4660     5319.04
   49.5274     5319.04
   49.5834     5319.04
   49.6420     5319.04
   49.7082     5319.04
   49.7714     5319.04
   49.8234     5319.04
   49.8716     5319.04
   49.9880     5319.04
   50.0979     5319.04
   50.1874     5319.04
   50.2838     5319.04
   50.3570     5319.04
   50.4421     5319.04
   50.4961     5319.04
   50.5714     5319.04
   50.6895     5319.04
   50.7754     5319.04
   50.8381     5319.04
   50.9460     5319.04
   51.0034     5319.04
   51.0607     5319.04
   51.1330     5319.04
   51.1914     5319.04
   51.2766     5319.04
   51.3096     5319.04
   51.3677     5319.04
   51.4208     5319.04
   51.4874     5319.04
   51.5594     5319.04
   51.6234     5319.04
   51.7087     5319.04
   51.7794     5319.04
   51.8259     5319.04
   51.9318     5319.04
   52.0722     5319.04
   52.1300     5319.04
   52.1808     5319.04
   52.2394     5319.04
   52.3434     5319.04
   52.4561     5319.04
   52.5315     5319.04
   52.6194     5319.04
   52.6890     5319.04
   52.7537     5319.04
   52.8154     5319.04
   52.9034     5319.04
   52.9702     5319.04
   53.0366     5319.04
   53.0937     5319.04
   53.1445     5319.04
   53.2397     5319.04
   53.2973     5319.04
   53.3321     5319.04
   53.4094     5319.04
   53.4679     5319.04
   53.5284     5319.04
   53.5994     5319.04
   53.6554     5319.04
   53.7194     5319.04
   53.7593     5319.04
   53.8554     5319.04
   53.9314     5319.04
   53.9914     5319.04
   54.0818     5319.04
   54.1614     5319.04
   54.2634     5319.04
   54.3394     5319.04
   54.4415     5319.04
   54.5258     5319.04
   54.5753     5319.04
   54.6486     5319.04
   54.7237     5319.04
   54.7803     5319.04
   54.8475     5319.04
   54.9194     5319.04
   54.9674     5319.04
   55.0634     5319.04
   55.1438     5319.04
   55.2140     5319.04
   55.3040     5319.04
   55.3737     5319.04
   55.4770     5319.04
   55.6114     5319.04
   55.6794     5319.04
   55.7398     5319.04
   55.8234     5319.04
   55.8794     5319.04
   55.9994     5319.04
   56.0457     5319.04
   56.1434     5319.04
   56.1999     5319.04
   56.2341     5319.04
   56.3074     5319.04
   56.3429     5319.04
   56.4402     5319.04
   56.5417     5319.04
   56.6114     5319.04
   56.6994     5319.04
   56.7834     5319.04
   56.8322     5319.04
   56.8874     5319.04
   56.9943     5319.04
   57.0766     5319.04
   57.1776     5319.04
   57.2450     5319.04
   57.3088     5319.04
   57.3746     5319.04
   57.4674     5319.04
   57.5763     5319.04
   57.6403     5319.04
   57.7328     5319.04
   57.7812     5319.04
   57.8537     5319.04
   57.9754     5319.04
   58.0714     5319.04
   58.1434     5319.04
   58.1840     5319.04
   58.2954     5319.04
   58.3499     5319.04
   58.4726     5319.04
   58.5594     5319.04
   58.6162     5319.04
   58.6863     5319.04
   58.7634     5319.04
   58.8147     5319.04
   58.9561     5319.04
   59.0474     5319.04
   59.1194     5319.04
   59.2314     5319.04
   59.3474     5319.04
   59.4223     5319.04
   59.5054     5319.04
   59.6274     5319.04
   59.7274     5319.04
   59.8034     5319.04
   59.8678     5319.04
   59.9375     5319.04
   60.0194     5319.04
   60.1034     5319.04
   60.1732     5319.04
   60.2212     5319.04
   60.3492     5319.04
   60.4154     5319.04
   60.4754     5319.04
   60.5354     5319.04
   60.6198     5319.04
   60.7074     5319.04
   60.8034     5319.04
   60.8954     5319.04
   60.9834     5319.04
   61.0394     5319.04
   61.0974     5319.04
   61.1914     5319.04
   61.2879     5319.04
   61.3834     5319.04
   61.4532     5319.04
   61.5234     5319.04
   61.5954     5319.04
   61.6523     5319.04
   61.7354     5319.04
   61.8052     5319.04
   61.8903     5319.04
   61.9458     5319.04
   63.3845     5319.04
   63.4543     5319.04
   63.5049     5319.04
   63.5623     5319.04
   63.6250     5319.04
   63.7303     5319.04
   63.7953     5319.04
   63.8486     5319.04
   63.9167     5319.04
   64.0066     5319.04
   64.0583     5319.04
   64.1401     5319.04
   64.1914     5319.04
   64.2405     5319.04
   64.2886     5319.04
   64.3486     5319.04
   64.4463     5319.04
   64.5194     5319.04
   64.6194     5319.04
   64.6683     5319.04
   64.7847     5319.04
   64.8712     5319.04
   64.9583     5319.04
   65.0423     5319.04
   65.1197     5319.04
   65.1983     5319.04
   65.2703     5319.04
   65.3543     5319.04
   65.4604     5319.04
   65.5183     5319.04
   65.5983     5319.04
   65.6342     5319.04
   65.6866     5319.04
   65.7887     5319.04
   65.8708     5319.04
   65.9260     5319.04
   65.9765     5319.04
   66.0222     5319.04
   66.0743     5319.04
   66.1111     5319.04
   66.1863     5319.04
   66.2327     5319.04
   66.3023     5319.04
   66.3543     5319.04
   66.3903     5319.04
   66.4415     5319.04
   66.4983     5319.04
   66.5388     5319.04
   66.6063     5319.04
   66.6477     5319.04
   66.7063     5319.04
   66.8143     5319.04
   66.8949     5319.04
   66.9863     5319.04
   67.0472     5319.04
   67.1223     5319.04
   67.1803     5319.04
   67.2463     5319.04
   67.3263     5319.04
   67.3783     5319.04
   67.4143     5319.04
   67.4687     5319.04
   67.5623     5319.04
   67.6103     5319.04
   67.7023     5319.04
   67.7512     5319.04
   67.8183     5319.04
   67.8870     5319.04
   67.9743     5319.04
   68.0783     5319.04
   68.1383     5319.04
   68.1903     5319.04
   68.2329     5319.04
   68.3105     5319.04
   68.3903     5319.04
   68.4490     5319.04
   68.5400     5319.04
   68.5998     5319.04
   68.6583     5319.04
   68.7003     5319.04
   68.7887     5319.04
   68.9107     5319.04
   68.9738     5319.04
   69.0423     5319.04
   69.1392     5319.04
   69.2543     5319.04
   69.3444     5319.04
   69.4401     5319.04
   69.5077     5319.04
   69.6303     5319.04
   69.7023     5319.04
   69.7743     5319.04
   69.8383     5319.04
   69.8943     5319.04
   69.9530     5319.04
   70.0009     5319.04
   70.0703     5319.04
   70.1103     5319.04
   70.1703     5319.04
   70.2103     5319.04
   70.2743     5319.04
   70.3223     5319.04
   70.3863     5319.04
   70.4286     5319.04
   70.4903     5319.04
   70.5336     5319.04
   70.5983     5319.04
   70.6395     5319.04
   70.7143     5319.04
   70.7611     5319.04
   70.8183     5319.04
   70.8811     5319.04
   70.9583     5319.04
   71.0171     5319.04
   71.0831     5319.04
   71.1743     5319.04
   71.2463     5319.04
   71.3143     5319.04
   71.3703     5319.04
   71.4429     5319.04
   71.5223     5319.04
   71.5793     5319.04
   71.6567     5319.04
   71.7263     5319.04
   71.7921     5319.04
   71.8743     5319.04
   71.9503     5319.04
   72.0303     5319.04
   72.0823     5319.04
   72.1431     5319.04
   72.2263     5319.04
   72.2746     5319.04
   72.3383     5319.04
   72.4076     5319.04
   72.4710     5319.04
   72.5335     5319.04
   72.6306     5319.04
   72.7036     5319.04
   72.7903     5319.04
   72.8583     5319.04
   72.9303     5319.04
   72.9863     5319.04
   73.0663     5319.04
   73.1292     5319.04
   73.1943     5319.04
   73.2474     5319.04
   73.3054     5319.04
   73.3943     5319.04
   73.4397     5319.04
   73.5045     5319.04
   73.5589     5319.04
   73.6023     5319.04
   73.6643     5319.04
   73.7265     5319.04
   73.7844     5319.04
   73.8441     5319.04
   73.9183     5319.04
   73.9689     5319.04
   74.0596     5319.04
   74.1269     5319.04
   74.1836     5319.04
   74.2783     5319.04
   74.3270     5319.04
   74.4029     5319.04
   74.4696     5319.04
   74.5423     5319.04
   74.5974     5319.04
   74.6663     5319.04
   74.7182     5319.04
   74.7983     5319.04
   74.8874     5319.04
   74.9608     5319.04
   75.0471     5319.04
   75.1098     5319.04
   75.2276     5319.04
   75.3183     5319.04
   75.3783     5319.04
   75.4724     5319.04
   75.5794     5319.04
   75.6567     5319.04
   75.7039     5319.04
   75.7903     5319.04
   75.8743     5319.04
   75.9288     5319.04
   76.0263     5319.04
   76.1623     5319.04
   76.2648     5319.04
   76.3379     5319.04
   76.4272     5319.04
   76.4890     5319.04
   76.5480     5319.04
   76.5966     5319.04
   76.6645     5319.04
   76.7787     5319.04
   76.8863     5319.04
   76.9594     5319.04
   77.0241     5319.04
   77.0732     5319.04
   77.1383     5319.04
   77.1891     5319.04
   77.3231     5319.04
   77.4162     5319.04
   77.4815     5319.04
   77.5383     5319.04
   77.6349     5319.04
   77.7063     5319.04
   77.8169     5319.04
   77.9153     5319.04
   78.0103     5319.04
   78.0943     5319.04
   78.1543     5319.04
   78.2223     5319.04
   78.2983     5233.78
   78.3783     5233.78
   78.4543     5233.78
   78.5074     5233.78
   78.5779     5233.78
   78.6654     5233.78
   78.7303     5233.78
   78.8263     5233.78
   78.8863     5233.78
   78.9663     5233.78
   79.0395     5233.78
   79.1223     5233.78
   79.1783     5233.78
   79.2904     5233.78
   79.3484     5233.78
   79.4423     5233.78
   79.5103     5233.78
   79.5623     5233.78
   79.6512     5233.78
   79.7343     5233.78
   79.8543     5233.78
   79.9336     5233.78
   80.0823     5233.78
   80.2348     5233.78
   80.3568     5233.78
   80.4712     5233.78
   80.5331     5233.78
   80.6743     5233.78
   80.8311     5233.78
   80.9272     5233.78
   81.0490     5233.78
   81.1823     5233.78
   81.3063     5233.78
   81.3800     5233.78
   81.4867     5233.78
   81.5922     5233.78
   81.6983     5233.78
   81.7509     5233.78
   81.8463     5233.78
   81.8981     5233.78
   81.9663     5233.78
   82.0343     5233.78
   82.1063     5233.78
   82.1571     5233.78
   82.2303     5233.78
   82.2829     5233.78
   82.3830     5233.78
   82.4703     5233.78
   82.5280     5233.78
   82.5968     5233.78
   82.7007     5233.78
   82.7529     5233.78
   82.8327     5233.78
   82.8867     5233.78
   83.0162     5233.78
   83.1023     5233.78
   83.1868     5233.78
   83.2863     5233.78
   83.3290     5233.78
   83.3786     5233.78
   83.4863     5233.78
   83.5348     5233.78
   83.6143     5233.78
   83.6503     5233.78
   83.7009     5233.78
   83.7743     5233.78
   83.8143     5233.78
   83.8623     5233.78
   83.9274     5233.78
   83.9743     5233.78
   84.0243     5233.78
   84.0943     5233.78
   84.1310     5233.78
   84.2023     5233.78
   84.2783     5233.78
   84.3319     5233.78
   84.3845     5233.78
   84.4503     5233.78
   84.4868     5233.78
   84.5463     5233.78
   84.6143     5233.78
   84.7045     5233.78
   84.7623     5233.78
   84.8250     5233.78
   84.9011     5233.78
   84.9863     5233.78
   85.0783     5233.78
   85.1703     5233.78
   85.2623     5233.78
   85.3074     5233.78
   85.3543     5233.78
   85.3983     5233.78
   85.4447     5233.78
   85.5463     5233.78
   85.6126     5233.78
   85.7225     5233.78
   85.8195     5233.78
   85.8801     5233.78
   85.9358     5233.78
   86.0232     5233.78
   86.1143     5233.78
   86.1970     5233.78
   86.3406     5233.78
   86.4143     5233.78
   86.4398     5233.78
   86.5313     5233.78
   86.6263     5233.78
   86.7036     5233.78
   86.7598     5233.78
   86.8436     5233.78
   86.9303     5233.78
   86.9905     5233.78
   87.0447     5233.78
   87.1592     5233.78
   87.2303     5233.78
   87.3006     5233.78
   87.4383     5233.78
   87.5252     5233.78
   87.6083     5233.78
   87.7310     5233.78
   87.7847     5233.78
   87.9081     5233.78
   87.9743     5233.78
   88.0423     5233.78
   88.1423     5233.78
   88.2223     5233.78
   88.2937     5233.78
   88.3426     5233.78
   88.4068     5233.78
   88.4930     5233.78
   88.5757     5233.78
   88.7071     5233.78
   88.7547     5233.78
   88.8276     5233.78
   88.9307     5233.78
   89.0143     5233.78
   89.0983     5233.78
   89.1967     5233.78
   89.2623     5233.78
   89.3129     5233.78
   89.4071     5233.78
   89.5040     5233.78
   89.5833     5233.78
   89.6441     5233.78
   89.7623     5233.78
   89.8079     5233.78
   89.8863     5233.78
   89.9626     5233.78
   90.0503     5233.78
   90.1192     5233.78
   90.2223     5233.78
   90.3023     5233.78
   90.3605     5233.78
   90.4565     5233.78
   90.5223     5233.78
   90.5928     5233.78
   90.6783     5233.78
   90.7623     5233.78
   90.8583     5233.78
   90.9223     5233.78
   90.9827     5233.78
   91.0783     5233.78
   91.1543     5233.78
   91.2463     5233.78
   91.3031     5233.78
   91.3983     5233.78
   91.4803     5233.78
   91.5723     5233.78
   91.6610     5233.78
   91.7561     5233.78
   91.8454     5233.78
   91.9863     5233.78
   92.0406     5233.78
   92.1383     5233.78
   92.2183     5233.78
   92.2823     5233.78
   92.3383     5233.78
   92.4463     5233.78
   92.5383     5233.78
   92.6023     5233.78
   92.7063     5233.78
   92.8487     5233.78
   92.9912     5233.78
   93.1045     5233.78
   93.1634     5233.78
   93.2094     5233.78
   93.2886     5233.78
   93.3343     5233.78
   93.4223     5233.78
   93.4834     5233.78
   93.5556     5233.78
   93.6343     5233.78
   93.7079     5233.78
   93.8143     5233.78
   93.9023     5233.78
   94.0442     5233.78
   94.0984     5233.78
   94.1993     5233.78
   94.3503     5233.78
   94.4383     5233.78
   94.5048     5233.78
   94.6106     5233.78
   94.6743     5233.78
   94.7612     5233.78
   94.9199     5233.78
   95.0433     5233.78
   95.1983     5233.78
   95.2484     5233.78
   95.3309     5233.78
   95.4503     5233.78
   96.9496     5233.78
   97.0710     5233.78
   97.1955     5233.78
   97.2702     5233.78
   97.3143     5233.78
   97.4016     5233.78
   97.4976     5233.78
   97.5818     5233.78
   97.6576     5233.78
   97.7672     5233.78
   97.8280     5233.78
   97.8896     5233.78
   97.9882     5233.78
   98.1176     5233.78
   98.2136     5233.78
   98.2916     5233.78
   98.3816     5233.78
   98.4743     5233.78
   98.5584     5233.78
   98.6161     5233.78
   98.7337     5233.78
   98.7902     5233.78
   98.8496     5233.78
   98.9296     5233.78
   98.9680     5233.78
   99.0657     5233.78
   99.1059     5233.78
   99.1902     5233.78
   99.2643     5233.78
   99.3538     5233.78
   99.4344     5233.78
   99.4833     5233.78
   99.5392     5233.78
   99.6637     5233.78
   99.7576     5233.78
   99.8471     5233.78
   99.9389     5233.78
  100.0219     5233.78
  100.0622     5233.78
  100.1240     5233.78
  100.2120     5233.78
  100.2856     5233.78
  100.4126     5233.78
  100.4667     5233.78
  100.5399     5233.78
  100.6425     5233.78
  100.7616     5233.78
  100.8704     5233.78
  100.9216     5233.78
  100.9860     5233.78
  101.0746     5233.78
  101.1976     5233.78
  101.3061     5233.78
  101.3909     5233.78
  101.4628     5233.78
  101.5149     5233.78
  101.5776     5233.78
  101.6736     5233.78
  101.7787     5233.78
  101.8804     5233.78
  101.9403     5233.78
  101.9986     5233.78
  102.0699     5233.78
  102.1590     5233.78
  102.2656     5233.78
  102.3456     5233.78
  102.3936     5233.78
  102.4816     5233.78
  102.5310     5233.78
  102.6056     5233.78
  102.6604     5233.78
  102.7383     5233.78
  102.7830     5233.78
  102.9071     5233.78
  102.9696     5233.78
  103.0163     5233.78
  103.1056     5233.78
  103.2232     5233.78
  103.3256     5233.78
  103.3976     5233.78
  103.4874     5233.78
  103.5925     5233.78
  103.6856     5233.78
  103.7678     5233.78
  103.9056     5233.78
  103.9801     5233.78
  104.0758     5233.78
  104.1597     5233.78
  104.2908     5233.78
  104.4009     5233.78
  104.5051     5233.78
  104.5837     5233.78
  104.6559     5233.78
  104.7749     5233.78
  104.8608     5233.78
  104.9880     5233.78
  105.0780     5233.78
  105.1736     5233.78
  105.2311     5233.78
  105.3357     5233.78
  105.4216     5233.78
  105.4752     5233.78
  105.5656     5233.78
  105.6258     5233.78
  105.6837     5233.78
  105.7576     5233.78
  105.8115     5233.78
  105.8896     5233.78
  105.9496     5233.78
  106.0176     5233.78
  106.0776     5233.78
  106.1416     5233.78
  106.2218     5233.78
  106.2736     5233.78
  106.3307     5233.78
  106.4078     5233.78
  106.4535     5233.78
  106.5176     5233.78
  106.5661     5233.78
  106.6320     5233.78
  106.7176     5233.78
  106.7437     5233.78
  106.8035     5233.78
  106.8696     5233.78
  106.9334     5233.78
  107.0016     5233.78
  107.0502     5233.78
  107.1256     5233.78
  107.1640     5233.78
  107.2232     5233.78
  107.2843     5233.78
  107.4096     5233.78
  107.4858     5233.78
  107.5576     5233.78
  107.6207     5233.78
  107.7444     5233.78
  107.8278     5233.78
  107.9358     5233.78
  108.0323     5233.78
  108.1378     5233.78
  108.1920     5233.78
  108.2896     5233.78
  108.4001     5233.78
  108.4710     5233.78
  108.5348     5233.78
  108.6117     5233.78
  108.6946     5233.78
  108.7544     5233.78
  108.8403     5233.78
  108.9149     5233.78
  109.1083     5233.78
  109.2276     5233.78
  109.3709     5233.78
  109.5456     5233.78
  109.6216     5233.78
  109.7296     5233.78
  109.7690     5233.78
  109.8474     5233.78
  109.9856     5233.78
  110.1216     5233.78
  110.2676     5233.78
  110.3896     5233.78
  110.4530     5233.78
  110.6183     5233.78
  110.6685     5233.78
  110.7868     5233.78
  110.8594     5233.78
  110.9521     5233.78
  111.0816     5233.78
  111.1256     5233.78
  111.2176     5233.78
  111.3296     5233.78
  111.4356     5233.78
  111.5867     5233.78
  111.6976     5233.78
  111.7757     5233.78
  111.8536     5233.78
  111.9736     5233.78
  112.0776     5233.78
  112.1677     5233.78
  112.2442     5233.78
  112.3023     5233.78
  112.4136     5233.78
  112.4856     5233.78
  112.5536     5233.78
  112.6178     5233.78
  112.6936     5233.78
  112.7759     5233.78
  112.8577     5233.78
  112.9284     5233.78
  113.0096     5233.78
  113.0788     5233.78
  113.1489     5233.78
  113.2020     5233.78
  113.2776     5233.78
  113.3416     5233.78
  113.4216     5233.78
  113.4976     5233.78
  113.5856     5233.78
  113.6660     5233.78
  113.7322     5233.78
  113.7831     5233.78
  113.8388     5233.78
  113.9058     5233.78
  113.9936     5233.78
  114.0383     5233.78
  114.1036     5233.78
  114.1816     5233.78
  114.2547     5233.78
  114.3302     5233.78
  114.4136     5233.78
  114.5070     5233.78
  114.5896     5233.78
  114.6456     5233.78
  114.7506     5233.78
  114.8123     5233.78
  114.9545     5233.78
  115.0500     5233.78
  115.1143     5233.78
  115.1841     5233.78
  115.2896     5233.78
  115.3698     5233.78
  115.4164     5233.78
  115.5026     5233.78
  115.5881     5233.78
  115.6745     5233.78
  115.7976     5233.78
  115.8696     5233.78
  115.9589     5233.78
  116.0416     5233.78
  116.1416     5233.78
  116.2736     5233.78
  116.3559     5233.78
  116.4296     5233.78
  116.4976     5233.78
  116.5677     5233.78
  116.6456     5233.78
  116.7149     5233.78
  116.8056     5233.78
  116.8687     5233.78
  116.9376     5233.78
  116.9896     5233.78
  117.0816     5233.78
  117.1244     5233.78
  117.1954     5233.78
  117.2616     5233.78
  117.3376     5233.78
  117.3936     5233.78
  117.4776     5233.78
  117.5561     5233.78
  117.6336     5233.78
  117.6768     5233.78
  117.7416     5233.78
  117.7973     5233.78
  117.8696     5233.78
  117.9216     5233.78
  117.9936     5233.78
  118.0816     5233.78
  118.1603     5233.78
  118.2216     5233.78
  118.2776     5233.78
  118.3181     5233.78
  118.3729     5233.78
  118.4256     5233.78
  118.4736     5233.78
  118.5376     5233.78
  118.5736     5233.78
  118.6122     5233.78
  118.6579     5233.78
  118.7296     5233.78
  118.7752     5233.78
  118.8416     5233.78
  118.8912     5233.78
  118.9695     5233.78
  119.0336     5233.78
  119.0917     5233.78
  119.1510     5233.78
  119.2002     5233.78
  119.2736     5233.78
  119.3656     5233.78
  119.4256     5233.78
  119.5176     5233.78
  119.5696     5233.78
  119.6324     5233.78
  119.6896     5233.78
  119.7492     5233.78
  119.8136     5233.78
  119.8816     5233.78
  119.9616     5233.78
  120.0376     5233.78
  120.1056     5233.78
  120.1488     5233.78
  120.2096     5233.78
  120.2683     5233.78
  120.3386     5233.78
  120.4140     5233.78
  120.4786     5233.78
  120.5616     5233.78
  120.6176     5233.78
  120.7117     5233.78
  120.7976     5233.78
  120.9218     5233.78
  120.9794     5233.78
  121.0392     5233.78
  121.1142     5233.78
  121.1485     5233.78
  121.2216     5233.78
  121.2642     5233.78
  121.3290     5233.78
  121.4001     5233.78
  121.4941     5233.78
  121.5576     5233.78
  121.6675     5233.78
  121.7216     5233.78
  121.7468     5233.78
  121.8162     5233.78
  121.9016     5233.78
  121.9362     5233.78
  122.0143     5233.78
  122.1461     5233.78
  122.2096     5233.78
  122.2755     5233.78
  122.3821     5233.78
  122.4736     5233.78
  122.5616     5233.78
  122.6441     5233.78
  122.7216     5233.78
  122.8097     5233.78
  122.8776     5233.78
  122.9656     5233.78
  123.0350     5233.78
  123.1016     5233.78
  123.1583     5233.78
  123.2009     5233.78
  123.2617     5233.78
  123.3403     5233.78
  123.4219     5233.78
  123.4976     5233.78
  123.5396     5233.78
  123.6714     5233.78
  123.7639     5233.78
  123.8425     5233.78
  123.9632     5233.78
  124.0618     5233.78
  124.1576     5233.78
  124.2317     5233.78
  124.3301     5233.78
  124.3829     5233.78
  124.5016     5233.78
  124.5980     5233.78
  124.6992     5233.78
  124.7599     5233.78
  124.8176     5233.78
  124.8536     5233.78
  124.9544     5233.78
  125.0496     5233.78
  125.1158     5233.78
  125.2476     5233.78
  125.3096     5233.78
  125.4216     5233.78
  125.4904     5233.78
  125.5496     5233.78
  125.6136     5233.78
  125.7416     5233.78
  125.8736     5233.78
  125.9160     5233.78
  126.0231     5233.78
  126.0776     5233.78
  126.1399     5233.78
  126.2296     5233.78
  126.3069     5233.78
  126.3629     5233.78
  126.4715     5233.78
  126.5376     5233.78
  126.6816     5233.78
  126.7536     5233.78
  126.8364     5233.78
  126.9099     5233.78
  126.9682     5233.78
  127.0496     5233.78
  127.1296     5233.78
  127.1993     5233.78
  127.2753     5233.78
  127.3422     5233.78
  127.4631     5233.78
  127.5553     5233.78
  127.6009     5233.78
  127.6665     5233.78
  127.7381     5233.78
  127.7977     5233.78
  127.8816     5233.78
  127.9658     5233.78
  128.0399     5233.78
  128.2016     5233.78
  128.2790     5233.78
  128.3656     5233.78
  128.4496     5233.78
  128.5216     5233.78
  128.6179     5233.78
  128.7376     5233.78
  128.7945     5233.78
  128.8978     5233.78
  128.9768     5233.78
  129.0456     5233.78
  129.1136     5233.78
  129.2536     5233.78
  129.3117     5233.78
  129.3963     5233.78
  130.9101     5233.78
  130.9754     5233.78
  131.0418     5233.78
  131.1476     5233.78
  131.2476     5233.78
  131.3648     5233.78
  131.4355     5233.78
  131.5060     5233.78
  131.5808     5233.78
  131.6528     5233.78
  131.7251     5233.78
  131.8739     5233.78
  131.9448     5233.78
  132.0448     5233.78
  132.1771     5233.78
  132.2768     5233.78
  132.3743     5233.78
  132.4351     5233.78
  132.4984     5233.78
  132.5714     5233.78
  132.6547     5233.78
  132.7389     5233.78
  132.8208     5233.78
  132.9008     5233.78
  132.9608     5233.78
  133.0304     5233.78
  133.0888     5233.78
  133.1352     5233.78
  133.1834     5233.78
  133.2568     5233.78
  133.3133     5233.78
  133.3728     5233.78
  133.4453     5233.78
  133.4968     5233.78
  133.5408     5233.78
  133.5912     5233.78
  133.6514     5233.78
  133.7143     5233.78
  133.7968     5233.78
  133.8408     5233.78
  133.8890     5233.78
  133.9488     5233.78
  134.0128     5233.78
  134.0544     5233.78
  134.1244     5233.78
  134.1888     5233.78
  134.2405     5233.78
  134.5018     5233.78
  134.6968     5233.78
  134.7973     5233.78
  134.9416     5233.78
  135.0128     5233.78
  135.0734     5233.78
  135.1488     5233.78
  135.1954     5233.78
  135.2888     5233.78
  135.3350     5233.78
  135.4128     5233.78
  135.4600     5233.78
  135.5288     5233.78
  135.5928     5233.78
  135.6608     5233.78
  135.7248     5233.78
  135.8091     5233.78
  135.8688     5233.78
  135.9077     5233.78
  135.9728     5233.78
  136.0196     5233.78
  136.0808     5233.78
  136.1448     5233.78
  136.2083     5233.78
  136.2848     5233.78
  136.3499     5233.78
  136.4183     5233.78
  136.4848     5233.78
  136.5379     5233.78
  136.6257     5233.78
  136.7168     5233.78
  136.8219     5233.78
  136.9368     5233.78
  136.9858     5233.78
  137.0583     5233.78
  137.1516     5233.78
  137.2528     5233.78
  137.3373     5233.78
  137.4288     5233.78
  137.4663     5233.78
  137.5667     5233.78
  137.6488     5233.78
  137.7328     5233.78
  137.8088     5233.78
  137.8768     5233.78
  137.9448     5233.78
  138.0048     5233.78
  138.0768     5233.78
  138.1109     5233.78
  138.1888     5233.78
  138.2412     5233.78
  138.2808     5233.78
  138.3358     5233.78
  138.3859     5233.78
  138.4648     5233.78
  138.5208     5233.78
  138.5728     5233.78
  138.6305     5233.78
  138.7208     5233.78
  138.7848     5233.78
  138.8396     5233.78
  138.9048     5233.78
  138.9488     5233.78
  139.0127     5233.78
  139.0728     5233.78
  139.1408     5233.78
  139.1968     5233.78
  139.2433     5233.78
  139.3048     5233.78
  139.3568     5233.78
  139.4132     5233.78
  139.4688     5233.78
  139.5088     5233.78
  139.5798     5233.78
  139.6648     5233.78
  139.7208     5233.78
  139.7748     5233.78
  139.8728     5233.78
  139.9416     5233.78
  140.0328     5233.78
  140.0891     5233.78
  140.1530     5233.78
  140.2230     5233.78
  140.3168     5233.78
  140.4168     5233.78
  140.5301     5233.78
  140.5815     5233.78
  140.6688     5233.78
  140.7491     5233.78
  140.8273     5233.78
  140.8808     5233.78
  140.9608     5233.78
  141.0208     5233.78
  141.0808     5233.78
  141.1408     5233.78
  141.1969     5233.78
  141.2568     5233.78
  141.3182     5233.78
  141.3799     5233.78
  141.4568     5233.78
  141.5106     5233.78
  141.5646     5233.78
  141.6408     5233.78
  141.6940     5233.78
  141.7392     5233.78
  141.7992     5233.78
  141.8608     5233.78
  141.9039     5233.78
  141.9577     5233.78
  142.0195     5233.78
  142.0985     5233.78
  142.1620     5233.78
  142.2162     5233.78
  142.2728     5233.78
  142.3332     5233.78
  142.4014     5233.78
  142.5248     5233.78
  142.5808     5233.78
  142.6399     5233.78
  142.7048     5233.78
  142.7568     5233.78
  142.8288     5233.78
  142.8822     5233.78
  142.9528     5233.78
  142.9908     5233.78
  143.0448     5233.78
  143.0893     5233.78
  143.1581     5233.78
  143.2168     5233.78
  143.2688     5233.78
  143.3177     5233.78
  143.3848     5233.78
  143.4372     5233.78
  143.5008     5233.78
  143.5598     5233.78
  143.6168     5233.78
  143.6692     5233.78
  143.7408     5233.78
  143.7924     5233.78
  143.8408     5233.78
  143.8935     5233.78
  143.9768     5233.78
  144.0022     5233.78
  144.0648     5233.78
  144.1248     5233.78
  144.1754     5233.78
  144.2408     5233.78
  144.2824     5233.78
  144.3488     5233.78
  144.4335     5233.78
  144.4916     5233.78
  144.5548     5233.78
  144.6191     5233.78
  144.6848     5233.78
  144.7334     5233.78
  144.7849     5233.78
  144.8593     5233.78
  144.9208     5233.78
  144.9602     5233.78
  145.0168     5233.78
  145.0768     5233.78
  145.1488     5233.78
  145.1977     5233.78
  145.2608     5233.78
  145.3104     5233.78
  145.3728     5233.78
  145.4288     5233.78
  145.4768     5233.78
  145.5210     5233.78
  145.5798     5233.78
  145.6328     5233.78
  145.6928     5233.78
  145.7308     5233.78
  145.7928     5233.78
  145.8667     5233.78
  145.9168     5233.78
  146.0048     5233.78
  146.0768     5233.78
  146.1375     5233.78
  146.2288     5233.78
  146.2768     5233.78
  146.3488     5233.78
  146.4328     5233.78
  146.4957     5233.78
  146.5688     5233.78
  146.6095     5233.78
  146.6768     5233.78
  146.7248     5233.78
  146.7848     5233.78
  146.8408     5233.78
  146.9093     5233.78
  146.9888     5233.78
  147.0719     5233.78
  147.1448     5233.78
  147.1928     5233.78
  147.2569     5233.78
  147.3168     5233.78
  147.3771     5233.78
  147.4363     5233.78
  147.5022     5233.78
  147.5648     5233.78
  147.6168     5233.78
  147.6806     5233.78
  147.7672     5233.78
  147.8607     5233.78
  147.9248     5233.78
  147.9725     5233.78
  148.0394     5233.78
  148.1208     5233.78
  148.1968     5233.78
  148.2460     5233.78
  148.3324     5233.78
  148.3968     5233.78
  148.4488     5233.78
  148.5306     5233.78
  148.5810     5233.78
  148.6311     5233.78
  148.7054     5233.78
  148.7688     5233.78
  148.8377     5233.78
  148.9007     5233.78
  148.9789     5233.78
  149.0728     5233.78
  149.2048     5233.78
  149.2392     5233.78
  149.3130     5233.78
  149.4095     5233.78
  149.4750     5233.78
  149.5233     5233.78
  149.5928     5233.78
  149.6411     5233.78
  149.6902     5233.78
  149.7528     5233.78
  149.8082     5233.78
  149.8848     5233.78
  149.9332     5233.78
  150.0168     5233.78
  150.0740     5233.78
  150.1271     5233.78
  150.1888     5233.78
  150.2488     5233.78
  150.3248     5233.78
  150.4009     5233.78
  150.4648     5233.78
  150.5568     5233.78
  150.6173     5233.78
  150.7008     5233.78
  150.7732     5233.78
  150.8528     5233.78
  150.9048     5233.78
  150.9577     5233.78
  151.0408     5233.78
  151.0748     5233.78
  151.1328     5233.78
  151.1889     5233.78
  151.2728     5233.78
  151.3236     5233.78
  151.3833     5233.78
  151.4417     5233.78
  151.5288     5233.78
  151.6172     5233.78
  151.6888     5233.78
  151.7344     5233.78
  151.7992     5233.78
  151.8615     5233.78
  151.9210     5233.78
  151.9768     5233.78
  152.0314     5233.78
  152.0793     5233.78
  152.1448     5233.78
  152.2003     5233.78
  152.2688     5233.78
  152.3325     5233.78
  152.3888     5233.78
  152.4716     5233.78
  152.5568     5233.78
  152.6233     5233.78
  152.6915     5233.78
  152.7448     5233.78
  152.7995     5233.78
  152.8608     5233.78
  152.9014     5233.78
  152.9650     5233.78
  153.0074     5233.78
  153.0848     5233.78
  153.1408     5233.78
  153.1836     5233.78
  153.2368     5233.78
  153.2888     5233.78
  153.3473     5233.78
  153.4242     5233.78
  153.4848     5233.78
  153.5328     5233.78
  153.6048     5233.78
  153.6746     5233.78
  153.7217     5233.78
  153.7808     5233.78
  153.8488     5233.78
  153.8928     5233.78
  153.9338     5233.78
  153.9781     5233.78
  154.0248     5233.78
  154.0848     5233.78
  154.1448     5233.78
  154.2408     5233.78
  154.3131     5233.78
  154.4248     5233.78
  154.5106     5233.78
  154.5654     5233.78
  154.6730     5233.78
  154.7540     5233.78
  154.8888     5233.78
  155.0128     5233.78
  155.0688     5233.78
  155.1172     5233.78
  155.1728     5233.78
  155.2211     5233.78
  155.3082     5233.78
  155.3728     5233.78
  155.4306     5233.78
  155.4818     5233.78
  155.5347     5233.78
  155.6373     5233.78
  155.7780     5233.78
  155.8768     5233.78
  155.9688     5233.78
  156.0354     5233.78
  156.1189     5233.78
  156.2502     5233.78
  156.2983     5233.78
  156.3904     5233.78
  156.4997     5233.78
  156.6053     5233.78
  156.6648     5233.78
  156.7248     5233.78
  156.8069     5233.78
  156.8888     5233.78
  156.9728     5233.78
  157.0308     5233.78
  157.0759     5233.78
  157.1848     5233.78
  157.2384     5233.78
  157.3008     5233.78
  157.3688     5233.78
  157.4408     5233.78
  157.5128     5233.78
  157.5497     5233.78
  157.6730     5233.78
  157.7070     5233.78
  157.7789     5233.78
  157.8553     5233.78
  157.9728     5233.78
  158.0328     5233.78
  158.1095     5233.78
  158.1718     5233.78
  158.3173     5233.78
  158.4027     5233.78
  158.4928     5233.78
  158.6170     5233.78
  158.6865     5233.78
  158.7646     5233.78
  158.8674     5233.78
  158.9368     5233.78
  159.0168     5233.78
  159.0688     5233.78
  159.1648     5233.78
  159.2325     5233.78
  159.2970     5233.78
  159.3708     5233.78
  159.4328     5233.78
  159.5035     5233.78
  159.5968     5233.78
  159.6570     5233.78
  159.7494     5233.78
  159.8133     5233.78
  159.9091     5233.78
  160.0248     5233.78
  160.0968     5233.78
  160.1568     5233.78
  160.2289     5233.78
  160.3274     5233.78
  160.4208     5233.78
  160.4814     5233.78
  160.5408     5233.78
  160.5816     5233.78
  160.6455     5233.78
  160.7288     5233.78
  160.7785     5233.78
  160.8408     5233.78
  160.9114     5233.78
  160.9728     5233.78
  161.0182     5233.78
  161.0848     5233.78
  161.1285     5233.78
  161.1968     5233.78
  161.2568     5233.78
  161.3088     5233.78
  161.3808     5233.78
  161.4674     5233.78
  161.5388     5233.78
  161.6688     5233.78
  161.7421     5233.78
  161.8530     5233.78
  161.9032     5233.78
  162.0225     5233.78
  162.1383     5233.78
  162.2062     5233.78
  162.2808     5233.78
  162.3354     5233.78
  162.4328     5233.78
  162.5228     5233.78
  162.6455     5233.78
  162.7373     5233.78
  162.8380     5233.78
  162.9128     5233.78
  162.9714     5233.78
  164.4008     5233.78
  164.5187     5233.78
  164.6368     5233.78
  164.7422     5233.78
  164.8408     5233.78
  164.9633     5233.78
  165.0748     5233.78
  165.1971     5233.78
  165.2669     5233.78
  165.3728     5233.78
  165.4848     5233.78
  165.5888     5233.78
  165.6692     5233.78
  165.7368     5233.78
  165.8101     5233.78
  165.8688     5233.78
  165.9408     5233.78
  165.9888     5233.78
  166.0625     5233.78
  166.1208     5233.78
  166.1848     5233.78
  166.2648     5233.78
  166.3302     5233.78
  166.3932     5233.78
  166.4688     5233.78
  166.5961     5233.78
  166.7076     5233.78
  166.7808     5233.78
  166.8608     5233.78
  166.9488     5233.78
  167.0549     5233.78
  167.1459     5233.78
  167.2378     5233.78
  167.2989     5233.78
  167.3768     5233.78
  167.4808     5233.78
  167.5786     5233.78
  167.6458     5233.78
  167.7108     5233.78
  167.8048     5233.78
  167.9128     5233.78
  167.9574     5233.78
  168.0736     5233.78
  168.1223     5233.78
  168.2408     5233.78
  168.3067     5233.78
  168.3659     5233.78
  168.4204     5233.78
  168.4728     5233.78
  168.5289     5233.78
  168.5928     5233.78
  168.6808     5233.78
  168.7288     5233.78
  168.7651     5233.78
  168.8286     5233.78
  168.9168     5233.78
  168.9582     5233.78
  169.0328     5233.78
  169.1175     5233.78
  169.2288     5233.78
  169.2774     5233.78
  169.3368     5233.78
  169.4488     5233.78
  169.5292     5233.78
  169.5899     5233.78
  169.6985     5233.78
  169.7495     5233.78
  169.8195     5233.78
  169.8875     5233.78
  169.9448     5233.78
  169.9868     5233.78
  170.0464     5233.78
  170.0996     5233.78
  170.1928     5233.78
  170.2950     5233.78
  170.3739     5233.78
  170.4586     5233.78
  170.5985     5233.78
  170.6888     5233.78
  170.7928     5233.78
  170.8750     5233.78
  170.9481     5233.78
  171.0907     5233.78
  171.1708     5233.78
  171.2692     5233.78
  171.3369     5233.78
  171.4492     5233.78
  171.5253     5233.78
  171.6214     5233.78
  171.6928     5233.78
  171.7931     5233.78
  171.8463     5233.78
  171.9488     5233.78
  172.0088     5233.78
  172.0941     5233.78
  172.2166     5233.78
  172.2761     5233.78
  172.3463     5233.78
  172.4056     5233.78
  172.4528     5233.78
  172.5524     5233.78
  172.6333     5233.78
  172.7915     5233.78
  172.9102     5233.78
  172.9708     5233.78
  173.0728     5233.78
  173.1458     5233.78
  173.2265     5233.78
  173.2789     5233.78
  173.3749     5233.78
  173.4648     5233.78
  173.5368     5233.78
  173.6326     5233.78
  173.7128     5233.78
  173.8016     5233.78
  173.8624     5233.78
  173.9568     5233.78
  173.9940     5233.78
  174.0338     5233.78
  174.1938     5233.78
  174.2380     5233.78
  174.2868     5233.78
  174.4183     5233.78
  174.5042     5233.78
  174.6688     5233.78
  174.7108     5233.78
  174.7705     5233.78
  174.8894     5233.78
  174.9647     5233.78
  175.0226     5233.78
  175.0756     5233.78
  175.1945     5233.78
  175.3617     5233.78
  175.4294     5233.78
  175.5469     5233.78
  175.6185     5233.78
  175.6890     5233.78
  175.7741     5233.78
  175.8302     5233.78
  175.9016     5233.78
  175.9544     5233.78
  176.0328     5233.78
  176.1624     5233.78
  176.2608     5233.78
  176.3315     5233.78
  176.3968     5233.78
  176.4947     5233.78
  176.6267     5233.78
  176.7248     5233.78
  176.8128     5233.78
  176.9262     5233.78
  177.0574     5233.78
  177.1088     5233.78
  177.2234     5233.78
  177.3128     5233.78
  177.3910     5233.78
  177.4649     5233.78
  177.5352     5233.78
  177.6048     5233.78
  177.6808     5233.78
  177.7377     5233.78
  177.8148     5233.78
  177.9257     5233.78
  177.9737     5233.78
  178.0353     5233.78
  178.1149     5233.78
  178.1860     5233.78
  178.2528     5233.78
  178.3333     5233.78
  178.4408     5233.78
  178.5293     5233.78
  178.6180     5233.78
  178.6852     5233.78
  178.7903     5233.78
  178.8741     5233.78
  178.9833     5233.78
  179.0594     5233.78
  179.1728     5233.78
  179.2491     5233.78
  179.2985     5233.78
  179.3544     5233.78
  179.4323     5233.78
  179.5008     5233.78
  179.5808     5233.78
  179.6456     5233.78
  179.7027     5233.78
  179.7890     5233.78
  179.8879     5233.78
  179.9488     5233.78
  180.0023     5233.78
  180.1177     5233.78
  180.2008     5233.78
  180.3248     5233.78
  180.3968     5233.78
  180.4720     5233.78
  180.6088     5233.78
  180.6892     5233.78
  180.7951     5233.78
  180.9032     5233.78
  180.9928     5233.78
  181.1048     5233.78
  181.2095     5233.78
  181.2728     5233.78
  181.3335     5233.78
  181.4193     5233.78
  181.4822     5233.78
  181.5691     5233.78
  181.7064     5233.78
  181.7657     5233.78
  181.8166     5233.78
  181.9208     5233.78
  181.9943     5233.78
  182.0567     5233.78
  182.1288     5233.78
  182.1906     5233.78
  182.2768     5233.78
  182.3193     5233.78
  182.3888     5233.78
  182.4580     5233.78
  182.5243     5233.78
  182.6124     5233.78
  182.6768     5233.78
  182.7301     5233.78
  182.7872     5233.78
  182.8568     5233.78
  182.9088     5233.78
  182.9808     5233.78
  183.0241     5233.78
  183.1048     5233.78
  183.1543     5233.78
  183.2456     5233.78
  183.3076     5233.78
  183.3604     5233.78
  183.4242     5233.78
  183.5128     5233.78
  183.5588     5233.78
  183.6168     5233.78
  183.6760     5233.78
  183.7568     5233.78
  183.8237     5233.78
  183.8745     5233.78
  183.9448     5233.78
  184.0149     5233.78
  184.0622     5233.78
  184.1113     5233.78
  184.1548     5233.78
  184.2248     5233.78
  184.2617     5233.78
  184.3315     5233.78
  184.4168     5233.78
  184.4848     5233.78
  184.5488     5233.78
  184.6076     5233.78
  184.6698     5233.78
  184.7328     5233.78
  184.7928     5233.78
  184.8483     5233.78
  184.9048     5233.78
  184.9608     5233.78
  185.0088     5233.78
  185.0768     5233.78
  185.1368     5233.78
  185.2328     5233.78
  185.2824     5233.78
  185.3384     5233.78
  185.4088     5233.78
  185.4693     5233.78
  185.5318     5233.78
  185.5928     5233.78
  185.6448     5233.78
  185.7119     5233.78
  185.7968     5233.78
  185.8488     5233.78
  185.9085     5233.78
  185.9648     5233.78
  186.0312     5233.78
  186.1048     5233.78
  186.1661     5233.78
  186.2408     5233.78
  186.2980     5233.78
  186.3848     5233.78
  186.4488     5233.78
  186.5008     5233.78
  186.5568     5233.78
  186.6261     5233.78
  186.6848     5233.78
  186.7486     5233.78
  186.8131     5233.78
  186.8738     5233.78
  186.9333     5233.78
  186.9888     5233.78
  187.0787     5233.78
  187.1581     5233.78
  187.2140     5233.78
  187.2888     5233.78
  187.3435     5233.78
  187.4248     5233.78
  187.4847     5233.78
  187.5488     5233.78
  187.5839     5233.78
  187.6456     5233.78
  187.7308     5233.78
  187.7808     5233.78
  187.8342     5233.78
  187.8928     5233.78
  187.9475     5233.78
  188.0128     5233.78
  188.0848     5233.78
  188.1328     5233.78
  188.1983     5233.78
  188.2321     5233.78
  188.3061     5233.78
  188.3909     5233.78
  188.4582     5233.78
  188.5477     5233.78
  188.6448     5233.78
  188.7052     5233.78
  188.7848     5233.78
  188.8528     5233.78
  188.9088     5233.78
  188.9768     5233.78
  189.0448     5233.78
  189.1248     5233.78
  189.1968     5233.78
  189.2688     5233.78
  189.3132     5233.78
  189.4088     5233.78
  189.4702     5233.78
  189.5262     5233.78
  189.5888     5233.78
  189.6476     5233.78
  189.7167     5233.78
  189.8057     5233.78
  189.8697     5233.78
  189.9488     5233.78
  190.0328     5233.78
  190.1208     5233.78
  190.1688     5233.78
  190.2077     5233.78
  190.2768     5233.78
  190.3368     5233.78
  190.4008     5233.78
  190.4604     5233.78
  190.5448     5233.78
  190.6168     5233.78
  190.6679     5233.78
  190.7368     5233.78
  190.8288     5233.78
  190.8968     5233.78
  190.9568     5233.78
  191.0328     5233.78
  191.1168     5233.78
  191.1808     5233.78
  191.2488     5233.78
  191.2984     5233.78
  191.3783     5233.78
  191.4728     5233.78
  191.5448     5233.78
  191.6172     5233.78
  191.7014     5233.78
  191.7848     5233.78
  191.8554     5233.78
  191.9097     5233.78
  191.9888     5233.78
  192.0589     5233.78
  192.1328     5233.78
  192.1940     5233.78
  192.2728     5233.78
  192.3248     5233.78
  192.3780     5233.78
  192.4676     5233.78
  192.5768     5233.78
  192.6458     5233.78
  192.7168     5233.78
  192.7767     5233.78
  192.8568     5233.78
  192.8943     5233.78
  193.0191     5233.78
  193.0930     5233.78
  193.2088     5233.78
  193.2715     5233.78
  193.3608     5233.78
  193.4496     5233.78
  193.5996     5233.78
  193.7569     5233.78
  193.8224     5233.78
  194.0372     5233.78
  194.1336     5233.78
  194.2769     5233.78
  194.3968     5233.78
  194.4785     5233.78
  194.5728     5233.78
  194.6506     5233.78
  194.7332     5233.78
  194.7972     5233.78
  194.8755     5233.78
  194.9408     5233.78
  195.0128     5233.78
  195.0768     5233.78
  195.1143     5233.78
  195.1928     5233.78
  195.2735     5233.78
  195.3459     5233.78
  195.4260     5233.78
  195.5292     5233.78
  195.5937     5233.78
  195.6768     5233.78
  195.7146     5233.78
  195.8232     5233.78
  195.9029     5233.78
  195.9812     5233.78
  196.0295     5233.78
  196.1568     5233.78
  196.2328     5233.78
  196.3088     5233.78
  196.4071     5233.78
  196.5055     5233.78
  196.5906     5233.78
  197.9962     5233.78
  198.0722     5233.78
  198.1129     5233.78
  198.2042     5233.78
  198.2683     5233.78
  198.3221     5233.78
  198.3743     5233.78
  198.4216     5233.78
  198.4802     5233.78
  198.5522     5233.78
  198.6362     5233.78
  198.6922     5233.78
  198.7522     5233.78
  198.8268     5233.78
  198.9024     5233.78
  198.9802     5233.78
  199.0461     5233.78
  199.1082     5233.78
  199.1850     5233.78
  199.2413     5233.78
  199.3162     5233.78
  199.3757     5233.78
  199.4442     5233.78
  199.5202     5233.78
  199.5962     5233.78
  199.6485     5233.78
  199.7402     5233.78
  199.7893     5233.78
  199.8864     5233.78
  199.9804     5233.78
  200.0416     5233.78
  200.1428     5233.78
  200.2042     5233.78
  200.2762     5233.78
  200.3562     5233.78
  200.4436     5233.78
  200.5202     5233.78
  200.5855     5233.78
  200.6642     5233.78
  200.7342     5233.78
  200.8042     5233.78
  200.8962     5233.78
  200.9642     5233.78
  201.0218     5233.78
  201.0696     5233.78
  201.1522     5233.78
  201.2162     5233.78
  201.2708     5233.78
  201.3304     5233.78
  201.3842     5233.78
  201.4415     5233.78
  201.5223     5233.78
  201.6548     5233.78
  201.7482     5233.78
  201.8210     5233.78
  201.9162     5233.78
  202.0248     5233.78
  202.1002     5233.78
  202.1736     5233.78
  202.3042     5233.78
  202.3793     5233.78
  202.4857     5233.78
  202.5842     5233.78
  202.6331     5233.78
  202.7060     5233.78
  202.7977     5233.78
  202.8705     5233.78
  202.9748     5233.78
  203.0869     5233.78
  203.1603     5233.78
  203.2651     5233.78
  203.3174     5233.78
  203.3842     5233.78
  203.4587     5233.78
  203.5483     5233.78
  203.6179     5233.78
  203.7151     5233.78
  203.8002     5233.78
  203.8602     5233.78
  203.9325     5233.78
  204.0282     5233.78
  204.1402     5233.78
  204.1758     5233.78
  204.2619     5233.78
  204.3460     5233.78
  204.4067     5233.78
  204.4589     5233.78
  204.5463     5233.78
  204.6445     5233.78
  204.7013     5233.78
  204.7951     5233.78
  204.9009     5233.78
  204.9624     5233.78
  205.0686     5233.78
  205.1482     5233.78
  205.2442     5233.78
  205.3282     5233.78
  205.4141     5233.78
  205.4924     5233.78
  205.5729     5233.78
  205.6923     5233.78
  205.7888     5233.78
  205.8842     5233.78
  206.0122     5233.78
  206.1002     5233.78
  206.1843     5233.78
  206.2498     5233.78
  206.3239     5233.78
  206.3853     5233.78
  206.4402     5233.78
  206.5642     5233.78
  206.6289     5233.78
  206.6882     5233.78
  206.7699     5233.78
  206.8305     5233.78
  206.9162     5233.78
  207.0429     5233.78
  207.1402     5233.78
  207.2499     5233.78
  207.2952     5233.78
  207.3583     5233.78
  207.4402     5233.78
  207.5094     5233.78
  207.6082     5233.78
  207.7002     5233.78
  207.8042     5233.78
  207.8536     5233.78
  207.9322     5233.78
  208.0642     5233.78
  208.1337     5233.78
  208.2242     5233.78
  208.3002     5233.78
  208.3667     5233.78
  208.4323     5233.78
  208.5269     5233.78
  208.5762     5233.78
  208.6140     5233.78
  208.7017     5233.78
  208.8364     5233.78
  208.9655     5233.78
  209.0732     5233.78
  209.1429     5233.78
  209.2122     5233.78
  209.3489     5233.78
  209.4811     5233.78
  209.5818     5233.78
  209.7110     5233.78
  209.7904     5233.78
  209.8627     5233.78
  209.9450     5233.78
  209.9922     5233.78
  210.0570     5233.78
  210.1822     5233.78
  210.2572     5233.78
  210.3206     5233.78
  210.4107     5233.78
  210.4865     5233.78
  210.5787     5233.78
  210.7010     5233.78
  210.7753     5233.78
  210.8748     5233.78
  210.9340     5233.78
  211.0073     5233.78
  211.2175     5233.78
  211.3159     5233.78
  211.4014     5233.78
  211.5283     5233.78
  211.6094     5233.78
  211.7443     5233.78
  211.8039     5233.78
  211.8882     5233.78
  211.9464     5233.78
  212.0363     5233.78
  212.1237     5233.78
  212.1882     5233.78
  212.2456     5233.78
  212.3042     5233.78
  212.3522     5233.78
  212.4162     5233.78
  212.4644     5233.78
  212.5323     5233.78
  212.6081     5233.78
  212.6647     5233.78
  212.7482     5233.78
  212.8002     5233.78
  212.8522     5233.78
  212.9122     5233.78
  212.9722     5233.78
  213.0482     5233.78
  213.0984     5233.78
  213.1722     5233.78
  213.2202     5233.78
  213.2682     5233.78
  213.3097     5233.78
  213.3773     5233.78
  213.4642     5233.78
  213.5227     5233.78
  213.5922     5233.78
  213.6442     5233.78
  213.7442     5233.78
  213.8002     5233.78
  213.8762     5233.78
  213.9280     5233.78
  213.9843     5233.78
  214.0331     5233.78
  214.0963     5233.78
  214.1386     5233.78
  214.2042     5233.78
  214.2842     5233.78
  214.3389     5233.78
  214.3962     5233.78
  214.4517     5233.78
  214.5162     5233.78
  214.5962     5233.78
  214.6762     5233.78
  214.7237     5233.78
  214.7875     5233.78
  214.8442     5233.78
  214.8979     5233.78
  214.9722     5233.78
  215.0183     5233.78
  215.0842     5233.78
  215.1267     5233.78
  215.1882     5233.78
  215.2308     5233.78
  215.2882     5233.78
  215.3643     5233.78
  215.4282     5233.78
  215.4882     5233.78
  215.5482     5233.78
  215.6305     5233.78
  215.7122     5233.78
  215.7620     5233.78
  215.8057     5233.78
  215.8805     5233.78
  215.9402     5233.78
  215.9882     5233.78
  216.0442     5233.78
  216.1265     5233.78
  216.1842     5233.78
  216.2391     5233.78
  216.2962     5233.78
  216.3642     5233.78
  216.4242     5233.78
  216.4842     5233.78
  216.5628     5233.78
  216.6682     5233.78
  216.7362     5233.78
  216.7740     5233.78
  216.8762     5233.78
  216.9268     5233.78
  217.0162     5233.78
  217.0882     5233.78
  217.1762     5233.78
  217.2362     5233.78
  217.3122     5233.78
  217.3642     5233.78
  217.4002     5233.78
  217.4562     5233.78
  217.5082     5233.78
  217.5762     5233.78
  217.6362     5233.78
  217.6880     5233.78
  217.7762     5233.78
  217.8402     5233.78
  217.8863     5233.78
  217.9363     5233.78
  217.9923     5233.78
  218.0668     5233.78
  218.1239     5233.78
  218.1882     5233.78
  218.2392     5233.78
  218.2866     5233.78
  218.3562     5233.78
  218.4217     5233.78
  218.4876     5233.78
  218.5482     5233.78
  218.6122     5233.78
  218.6728     5233.78
  218.7362     5233.78
  218.8042     5233.78
  218.8602     5233.78
  218.9162     5233.78
  218.9682     5233.78
  219.0242     5233.78
  219.0726     5233.78
  219.1282     5233.78
  219.2003     5233.78
  219.2672     5233.78
  219.3362     5233.78
  219.4048     5233.78
  219.4802     5233.78
  219.5227     5233.78
  219.5722     5233.78
  219.6226     5233.78
  219.6722     5233.78
  219.7111     5233.78
  219.7711     5233.78
  219.8682     5233.78
  219.9113     5233.78
  219.9803     5233.78
  220.0403     5233.78
  220.0882     5233.78
  220.1642     5233.78
  220.2217     5233.78
  220.2842     5233.78
  220.3422     5233.78
  220.3882     5233.78
  220.4562     5233.78
  220.5082     5233.78
  220.5790     5233.78
  220.6315     5233.78
  220.6883     5233.78
  220.7550     5233.78
  220.8283     5233.78
  220.8551     5233.78
  220.9282     5233.78
  220.9763     5233.78
  221.0216     5233.78
  221.0762     5233.78
  221.1244     5233.78
  221.2043     5233.78
  221.2444     5233.78
  221.3042     5233.78
  221.3730     5233.78
  221.4323     5233.78
  221.4888     5233.78
  221.5403     5233.78
  221.6482     5233.78
  221.6985     5233.78
  221.7602     5233.78
  221.8482     5233.78
  221.9162     5233.78
  221.9693     5233.78
  222.0553     5233.78
  222.1061     5233.78
  222.1731     5233.78
  222.2295     5233.78
  222.2882     5233.78
  222.4256     5233.78
  222.5082     5233.78
  222.5722     5233.78
  222.6642     5233.78
  222.7403     5233.78
  222.7802     5233.78
  222.9083     5233.78
  222.9397     5233.78
  222.9962     5233.78
  223.0802     5233.78
  223.1403     5233.78
  223.1829     5233.78
  223.2296     5233.78
  223.2842     5233.78
  223.3264     5233.78
  223.3842     5233.78
  223.4402     5233.78
  223.4973     5233.78
  223.5489     5233.78
  223.6003     5233.78
  223.6642     5233.78
  223.7068     5233.78
  223.7842     5233.78
  223.8882     5233.78
  223.9339     5233.78
  224.0002     5233.78
  224.0602     5233.78
  224.1141     5233.78
  224.1705     5233.78
  224.2282     5233.78
  224.2762     5233.78
  224.3322     5233.78
  224.3857     5233.78
  224.4722     5233.78
  224.5442     5233.78
  224.6202     5233.78
  224.6568     5233.78
  224.7242     5233.78
  224.7722     5233.78
  224.8249     5233.78
  224.8963     5233.78
  224.9538     5233.78
  225.0144     5233.78
  225.0682     5233.78
  225.1122     5233.78
  225.1587     5233.78
  225.2322     5233.78
  225.2960     5233.78
  225.3469     5233.78
  225.3977     5233.78
  225.4626     5233.78
  225.5162     5233.78
  225.5623     5233.78
  225.6362     5233.78
  225.7002     5233.78
  225.7331     5233.78
  225.7729     5233.78
  225.8322     5233.78
  225.9032     5233.78
  225.9602     5233.78
  226.0442     5233.78
  226.0994     5233.78
  226.1602     5233.78
  226.2202     5233.78
  226.2868     5233.78
  226.3703     5233.78
  226.4682     5233.78
  226.5268     5233.78
  226.5986     5233.78
  226.6882     5233.78
  226.7402     5233.78
  226.7980     5233.78
  226.8763     5233.78
  226.9362     5233.78
  227.0002     5233.78
  227.0435     5233.78
  227.1002     5233.78
  227.1497     5233.78
  227.2068     5233.78
  227.2683     5233.78
  227.3686     5233.78
  227.4322     5233.78
  227.4988     5233.78
  227.6253     5233.78
  227.7020     5233.78
  227.7586     5233.78
  227.8152     5233.78
  227.9396     5233.78
  228.0322     5233.78
  228.1055     5233.78
  228.1650     5233.78
  228.2747     5233.78
  228.3602     5233.78
  228.4482     5233.78
  228.5111     5233.78
  228.5962     5233.78
  228.6442     5233.78
  228.7362     5233.78
  228.8212     5233.78
  228.9179     5233.78
  229.0261     5233.78
  229.1258     5233.78
  229.2442     5233.78
  229.3190     5233.78
  229.3810     5233.78
  229.4402     5233.78
  229.4988     5233.78
  229.6088     5233.78
  229.6876     5233.78
  229.7683     5233.78
  229.8403     5233.78
  229.9285     5233.78
  229.9899     5233.78
  230.0977     5233.78
  230.1762     5233.78
  230.2642     5233.78
  230.3643     5233.78
  231.8487     5233.78
  231.8958     5233.78
  231.9606     5233.78
  232.0211     5233.78
  232.0988     5233.78
  232.1749     5233.78
  232.2518     5233.78
  232.3152     5233.78
  232.3896     5233.78
  232.4872     5233.78
  232.5672     5233.78
  232.6832     5233.78
  232.7330     5233.78
  232.8272     5233.78
  232.8992     5233.78
  232.9832     5233.78
  233.0481     5233.78
  233.1512     5233.78
  233.1993     5233.78
  233.2812     5233.78
  233.3336     5233.78
  233.4449     5233.78
  233.5043     5233.78
  233.6061     5233.78
  233.6800     5233.78
  233.7672     5233.78
  233.8490     5233.78
  233.9008     5233.78
  233.9764     5233.78
  234.0838     5233.78
  234.2169     5233.78
  234.2683     5233.78
  234.3258     5233.78
  234.3936     5233.78
  234.5032     5233.78
  234.5512     5233.78
  234.6451     5233.78
  234.7214     5233.78
  234.7912     5233.78
  234.8952     5233.78
  234.9651     5233.78
  235.0253     5233.78
  235.0752     5233.78
  235.1552     5233.78
  235.1988     5233.78
  235.2752     5233.78
  235.3339     5233.78
  235.3992     5233.78
  235.4712     5233.78
  235.5334     5233.78
  235.6050     5233.78
  235.6712     5233.78
  235.7152     5233.78
  235.7912     5233.78
  235.8512     5233.78
  235.9232     5233.78
  235.9817     5233.78
  236.0448     5233.78
  236.1068     5233.78
  236.1720     5233.78
  236.2352     5233.78
  236.2757     5233.78
  236.3738     5233.78
  236.4472     5233.78
  236.5192     5233.78
  236.5778     5233.78
  236.6352     5233.78
  236.6789     5233.78
  236.7472     5233.78
  236.7842     5233.78
  236.8432     5233.78
  236.8861     5233.78
  236.9552     5233.78
  237.0152     5233.78
  237.0672     5233.78
  237.1192     5233.78
  237.1752     5233.78
  237.2472     5233.78
  237.3013     5233.78
  237.3592     5233.78
  237.4306     5233.78
  237.4992     5233.78
  237.5487     5233.78
  237.6190     5233.78
  237.6832     5233.78
  237.7302     5233.78
  237.7912     5233.78
  237.8778     5233.78
  237.9649     5233.78
  238.0475     5233.78
  238.1352     5233.78
  238.2112     5233.78
  238.2832     5233.78
  238.3632     5233.78
  238.4741     5233.78
  238.6038     5233.78
  238.7129     5233.78
  238.8238     5233.78
  238.8916     5233.78
  238.9921     5233.78
  239.0412     5233.78
  239.1352     5233.78
  239.2392     5233.78
  239.2784     5233.78
  239.3672     5233.78
  239.4609     5233.78
  239.5760     5233.78
  239.6552     5233.78
  239.8192     5233.78
  239.8895     5233.78
  239.9891     5233.78
  240.1098     5233.78
  240.2232     5233.78
  240.3408     5233.78
  240.4072     5233.78
  240.4589     5233.78
  240.5432     5233.78
  240.6203     5233.78
  240.6874     5233.78
  240.7697     5233.78
  240.8512     5233.78
  240.9232     5233.78
  241.0726     5233.78
  241.1512     5233.78
  241.2248     5233.78
  241.2874     5233.78
  241.3343     5233.78
  241.3934     5233.78
  241.4832     5233.78
  241.5672     5233.78
  241.6552     5233.78
  241.7176     5233.78
  241.7905     5233.78
  241.8681     5233.78
  241.9513     5233.78
  242.0592     5233.78
  242.1314     5233.78
  242.2112     5233.78
  242.2579     5233.78
  242.3272     5233.78
  242.4112     5233.78
  242.4581     5233.78
  242.5272     5233.78
  242.5832     5233.78
  242.6307     5233.78
  242.6992     5233.78
  242.7677     5233.78
  242.8312     5233.78
  242.8912     5233.78
  242.9456     5233.78
  243.0418     5233.78
  243.1079     5233.78
  243.1837     5233.78
  243.3131     5233.78
  243.3912     5233.78
  243.4452     5233.78
  243.5041     5233.78
  243.6032     5233.78
  243.6578     5233.78
  243.7417     5233.78
  243.8245     5233.78
  243.9112     5233.78
  243.9632     5233.78
  244.0600     5233.78
  244.1646     5233.78
  244.2378     5233.78
  244.3712     5233.78
  244.4818     5233.78
  244.5738     5233.78
  244.6192     5233.78
  244.6752     5233.78
  244.7318     5233.78
  244.7872     5233.78
  244.9326     5233.78
  245.0468     5233.78
  245.1637     5233.78
  245.2832     5233.78
  245.4152     5233.78
  245.4792     5233.78
  245.5409     5233.78
  245.6304     5233.78
  245.8152     5233.78
  245.8937     5233.78
  246.0392     5233.78
  246.0941     5233.78
  246.1992     5233.78
  246.2608     5233.78
  246.3432     5233.78
  246.4472     5233.78
  246.5133     5233.78
  246.6352     5233.78
  246.7832     5233.78
  246.8672     5233.78
  246.9639     5233.78
  247.0595     5233.78
  247.1392     5233.78
  247.1872     5233.78
  247.2500     5233.78
  247.3632     5233.78
  247.4552     5233.78
  247.5595     5233.78
  247.6243     5233.78
  247.6611     5233.78
  247.7534     5233.78
  247.8606     5233.78
  247.9236     5233.78
  248.0312     5233.78
  248.0931     5233.78
  248.1930     5233.78
  248.2500     5233.78
  248.3604     5233.78
  248.4776     5233.78
  248.5792     5233.78
  248.6792     5233.78
  248.7186     5233.78
  248.8331     5233.78
  248.8957     5233.78
  248.9752     5233.78
  249.1043     5233.78
  249.2130     5233.78
  249.2772     5233.78
  249.3272     5233.78
  249.4294     5233.78
  249.4952     5233.78
  249.5435     5233.78
  249.6295     5233.78
  249.7235     5233.78
  249.7952     5233.78
  249.9409     5233.78
  250.0417     5233.78
  250.0952     5233.78
  250.2836     5233.78
  250.3649     5233.78
  250.4152     5233.78
  250.4872     5233.78
  250.5432     5233.78
  250.5952     5233.78
  250.6479     5233.78
  250.7170     5233.78
  250.8051     5233.78
  250.9152     5233.78
  250.9413     5233.78
  251.0076     5233.78
  251.0800     5233.78
  251.1752     5233.78
  251.2512     5233.78
  251.3192     5233.78
  251.4192     5233.78
  251.4815     5233.78
  251.5535     5233.78
  251.6272     5233.78
  251.7006     5233.78
  251.7358     5233.78
  251.8272     5233.78
  251.9272     5233.78
  252.0152     5233.78
  252.0847     5233.78
  252.1727     5233.78
  252.2352     5233.78
  252.3112     5233.78
  252.4009     5233.78
  252.5011     5233.78
  252.5912     5233.78
  252.6976     5233.78
  252.8352     5233.78
  252.8790     5233.78
  252.9432     5233.78
  253.0008     5233.78
  253.0552     5233.78
  253.1432     5233.78
  253.2332     5233.78
  253.3312     5233.78
  253.4080     5233.78
  253.5100     5233.78
  253.6012     5233.78
  253.6348     5233.78
  253.7059     5233.78
  253.7724     5233.78
  253.8195     5233.78
  253.9306     5233.78
  254.0872     5233.78
  254.1337     5233.78
  254.1856     5233.78
  254.2672     5233.78
  254.3912     5233.78
  254.4879     5233.78
  254.5491     5233.78
  254.6019     5233.78
  254.7453     5233.78
  254.8525     5233.78
  254.9777     5233.78
  255.0632     5233.78
  255.1396     5233.78
  255.2992     5233.78
  255.3554     5233.78
  255.4472     5233.78
  255.5115     5233.78
  255.5632     5233.78
  255.6392     5233.78
  255.7472     5233.78
  255.8352     5233.78
  255.9170     5233.78
  256.0272     5233.78
  256.1115     5233.78
  256.2234     5233.78
  256.2737     5233.78
  256.3641     5233.78
  256.4432     5233.78
  256.5152     5233.78
  256.5792     5233.78
  256.6335     5233.78
  256.6993     5233.78
  256.7580     5233.78
  256.8536     5233.78
  256.9672     5233.78
  257.0164     5233.78
  257.1288     5233.78
  257.1764     5233.78
  257.2699     5233.78
  257.3478     5233.78
  257.4672     5233.78
  257.5472     5233.78
  257.5921     5233.78
  257.6492     5233.78
  257.7319     5233.78
  257.7817     5233.78
  257.8299     5233.78
  257.9292     5233.78
  258.0284     5233.78
  258.0912     5233.78
  258.1467     5233.78
  258.2032     5233.78
  258.2752     5233.78
  258.3472     5233.78
  258.4366     5233.78
  258.5296     5233.78
  258.6177     5233.78
  258.7035     5233.78
  258.8112     5233.78
  258.9040     5233.78
  258.9992     5233.78
  259.1863     5233.78
  259.2580     5233.78
  259.3050     5233.78
  259.3861     5233.78
  259.5511     5233.78
  259.6922     5233.78
  259.7912     5233.78
  259.8574     5233.78
  259.9121     5233.78
  259.9475     5233.78
  260.1352     5233.78
  260.2009     5233.78
  260.2766     5233.78
  260.3518     5233.78
  260.4712     5233.78
  260.5392     5233.78
  260.6032     5233.78
  260.6712     5233.78
  260.8272     5233.78
  260.8998     5233.78
  260.9952     5233.78
  261.0672     5233.78
  261.1724     5233.78
  261.2648     5233.78
  261.3855     5233.78
  261.4792     5233.78
  261.5648     5233.78
  261.6392     5233.78
  261.6896     5233.78
  261.7552     5233.78
  261.8136     5233.78
  261.8952     5233.78
  261.9792     5233.78
  262.0632     5233.78
  262.1251     5233.78
  262.2072     5233.78
  262.3072     5233.78
  262.3768     5233.78
  262.4571     5233.78
  262.5284     5233.78
  262.6292     5233.78
  262.7399     5233.78
  262.7992     5233.78
  262.8672     5233.78
  262.9352     5233.78
  263.0477     5233.78
  263.0951     5233.78
  263.1680     5233.78
  263.2712     5233.78
  263.3272     5233.78
  263.3912     5233.78
  263.4752     5233.78
  263.5678     5233.78
  263.7152     5233.78
  263.7953     5233.78
  263.8992     5233.78
  264.0096     5233.78
  265.4399     5233.78
  265.5490     5233.78
  265.5967     5233.78
  265.7272     5233.78
  265.7996     5233.78
  265.9192     5233.78
  266.0832     5233.78
  266.1881     5233.78
  266.2832     5233.78
  266.3512     5233.78
  266.4232     5233.78
  266.4951     5233.78
  266.5557     5233.78
  266.6445     5233.78
  266.6992     5233.78
  266.7632     5233.78
  266.8391     5233.78
  266.9271     5233.78
  266.9872     5233.78
  267.0526     5233.78
  267.1232     5233.78
  267.2110     5233.78
  267.2632     5233.78
  267.3019     5233.78
  267.3675     5233.78
  267.4672     5233.78
  267.5437     5233.78
  267.6272     5233.78
  267.6925     5233.78
  267.7552     5233.78
  267.8191     5233.78
  267.8529     5233.78
  267.9032     5233.78
  267.9385     5233.78
  268.0072     5233.78
  268.0546     5233.78
  268.1152     5233.78
  268.1576     5233.78
  268.2134     5233.78
  268.3016     5233.78
  268.3712     5233.78
  268.4391     5233.78
  268.5271     5233.78
  268.5952     5233.78
  268.6632     5233.78
  268.7512     5233.78
  268.8079     5233.78
  268.9032     5233.78
  268.9800     5233.78
  269.0555     5233.78
  269.1352     5233.78
  269.2032     5233.78
  269.2734     5233.78
  269.3373     5233.78
  269.4112     5233.78
  269.4802     5233.78
  269.5536     5233.78
  269.6232     5233.78
  269.6911     5233.78
  269.7592     5233.78
  269.8232     5233.78
  269.8712     5233.78
  269.9272     5233.78
  269.9761     5233.78
  270.0392     5233.78
  270.0888     5233.78
  270.1672     5233.78
  270.2272     5233.78
  270.2831     5233.78
  270.3392     5233.78
  270.3912     5233.78
  270.4632     5233.78
  270.5272     5233.78
  270.6032     5233.78
  270.6294     5233.78
  270.7164     5233.78
  270.7832     5233.78
  270.8270     5233.78
  270.8872     5233.78
  270.9567     5233.78
  271.0352     5233.78
  271.1046     5233.78
  271.1808     5233.78
  271.2312     5233.78
  271.2992     5233.78
  271.3752     5233.78
  271.4432     5233.78
  271.5118     5233.78
  271.6125     5233.78
  271.6681     5233.78
  271.7575     5233.78
  271.8202     5233.78
  271.8918     5233.78
  271.9592     5233.78
  272.0015     5233.78
  272.0752     5233.78
  272.1599     5233.78
  272.2619     5233.78
  272.3450     5233.78
  272.4128     5233.78
  272.5192     5233.78
  272.5722     5233.78
  272.6574     5233.78
  272.7500     5233.78
  272.9114     5233.78
  273.0134     5233.78
  273.1045     5233.78
  273.1779     5233.78
  273.2686     5233.78
  273.3552     5233.78
  273.4472     5233.78
  273.5134     5233.78
  273.5896     5233.78
  273.6624     5233.78
  273.7271     5233.78
  273.8003     5233.78
  273.8712     5233.78
  273.9107     5233.78
  273.9872     5233.78
  274.0472     5233.78
  274.1073     5233.78
  274.1592     5233.78
  274.2312     5233.78
  274.3111     5233.78
  274.3621     5233.78
  274.4207     5233.78
  274.4663     5233.78
  274.5272     5233.78
  274.5746     5233.78
  274.6592     5233.78
  274.7228     5233.78
  274.7992     5233.78
  274.8403     5233.78
  274.9491     5233.78
  275.0091     5233.78
  275.0992     5233.78
  275.1580     5233.78
  275.2352     5233.78
  275.2780     5233.78
  275.3191     5233.78
  275.3777     5233.78
  275.4414     5233.78
  275.5352     5233.78
  275.6112     5233.78
  275.7097     5233.78
  275.7792     5233.78
  275.8273     5233.78
  275.8921     5233.78
  275.9688     5233.78
  276.0232     5233.78
  276.0952     5233.78
  276.1648     5233.78
  276.2521     5233.78
  276.4112     5233.78
  276.4592     5233.78
  276.5018     5233.78
  276.5992     5233.78
  276.7272     5233.78
  276.8116     5233.78
  276.8839     5233.78
  276.9958     5233.78
  277.1087     5233.78
  277.1848     5233.78
  277.2632     5233.78
  277.3392     5233.78
  277.4032     5233.78
  277.4992     5233.78
  277.5774     5233.78
  277.6611     5233.78
  277.8072     5233.78
  277.8973     5233.78
  277.9622     5233.78
  278.0826     5233.78
  278.2232     5233.78
  278.3285     5233.78
  278.5112     5233.78
  278.5727     5233.78
  278.7495     5233.78
  278.8272     5233.78
  278.8724     5233.78
  278.9447     5233.78
  279.0219     5233.78
  279.1133     5233.78
  279.2013     5233.78
  279.3491     5233.78
  279.4539     5233.78
  279.5486     5233.78
  279.6394     5233.78
  279.7232     5233.78
  279.8996     5233.78
  279.9794     5233.78
  280.0792     5233.78
  280.1232     5233.78
  280.1664     5233.78
  280.2272     5233.78
  280.3078     5233.78
  280.4476     5233.78
  280.4856     5233.78
  280.5752     5233.78
  280.6478     5233.78
  280.7392     5233.78
  280.8648     5233.78
  280.9410     5233.78
  281.0152     5233.78
  281.1394     5233.78
  281.2632     5233.78
  281.3592     5233.78
  281.4476     5233.78
  281.5373     5233.78
  281.6286     5233.78
  281.7752     5233.78
  281.9312     5233.78
  282.0279     5233.78
  282.1352     5233.78
  282.1912     5233.78
  282.2810     5233.78
  282.3872     5233.78
  282.4570     5233.78
  282.5152     5233.78
  282.5720     5233.78
  282.6511     5233.78
  282.7311     5233.78
  282.8632     5233.78
  283.0215     5233.78
  283.1210     5233.78
  283.1648     5233.78
  283.3152     5233.78
  283.3798     5233.78
  283.4820     5233.78
  283.5632     5233.78
  283.6432     5233.78
  283.6926     5233.78
  283.8332     5233.78
  283.9272     5233.78
  283.9874     5233.78
  284.0685     5233.78
  284.1512     5233.78
  284.2287     5233.78
  284.3407     5233.78
  284.4049     5233.78
  284.4880     5233.78
  284.5909     5233.78
  284.6934     5233.78
  284.8084     5233.78
  284.9113     5233.78
  284.9997     5233.78
  285.1077     5233.78
  285.2009     5233.78
  285.2856     5233.78
  285.3872     5233.78
  285.4712     5233.78
  285.5352     5233.78
  285.5872     5233.78
  285.6672     5233.78
  285.7380     5233.78
  285.8158     5233.78
  285.9192     5233.78
  286.0123     5233.78
  286.1034     5233.78
  286.1952     5233.78
  286.2806     5233.78
  286.3392     5233.78
  286.4592     5233.78
  286.4961     5233.78
  286.5698     5233.78
  286.6246     5233.78
  286.7112     5233.78
  286.8166     5233.78
  286.9325     5233.78
  286.9820     5233.78
  287.0833     5233.78
  287.1686     5233.78
  287.2992     5233.78
  287.3458     5233.78
  287.4752     5233.78
  287.5472     5233.78
  287.6563     5233.78
  287.7632     5233.78
  287.8352     5233.78
  287.9043     5233.78
  288.0072     5233.78
  288.0756     5233.78
  288.1472     5233.78
  288.1978     5233.78
  288.2687     5233.78
  288.3497     5233.78
  288.4351     5233.78
  288.5031     5233.78
  288.6160     5233.78
  288.7517     5233.78
  288.8172     5233.78
  288.8872     5233.78
  288.9672     5233.78
  289.0276     5233.78
  289.1010     5233.78
  289.2175     5233.78
  289.2832     5233.78
  289.3564     5233.78
  289.4351     5233.78
  289.5352     5233.78
  289.6352     5233.78
  289.6952     5233.78
  289.7935     5233.78
  289.8752     5233.78
  289.9353     5233.78
  289.9938     5233.78
  290.0952     5233.78
  290.1872     5233.78
  290.2592     5233.78
  290.3494     5233.78
  290.4283     5233.78
  290.5352     5233.78
  290.6358     5233.78
  290.7272     5233.78
  290.7832     5233.78
  290.8404     5233.78
  290.9197     5233.78
  290.9897     5233.78
  291.0765     5233.78
  291.1913     5233.78
  291.2600     5233.78
  291.3488     5233.78
  291.3926     5233.78
  291.4645     5233.78
  291.5488     5233.78
  291.6312     5233.78
  291.7272     5233.78
  291.7881     5233.78
  291.8512     5233.78
  291.9244     5233.78
  292.0595     5233.78
  292.1312     5233.78
  292.1570     5233.78
  292.2286     5233.78
  292.3134     5233.78
  292.4472     5233.78
  292.5657     5233.78
  292.6432     5233.78
  292.7192     5233.78
  292.8097     5233.78
  292.8717     5233.78
  292.9712     5233.78
  293.0700     5233.78
  293.2047     5233.78
  293.3241     5233.78
  293.4802     5233.78
  293.5330     5233.78
  293.6312     5233.78
  293.7335     5233.78
  293.8453     5233.78
  293.9875     5233.78
  294.0832     5233.78
  294.1632     5233.78
  294.2096     5233.78
  294.3318     5233.78
  294.3806     5233.78
  294.5272     5233.78
  294.6158     5233.78
  294.7272     5233.78
  294.7737     5233.78
  294.9006     5233.78
  295.0035     5233.78
  295.0712     5233.78
  295.1294     5233.78
  295.2432     5233.78
  295.3471     5233.78
  295.4252     5233.78
  295.5031     5233.78
  295.5768     5233.78
  295.6515     5233.78
  295.7656     5233.78
  295.8712     5233.78
  295.9272     5233.78
  296.0209     5233.78
  296.1071     5233.78
  296.1992     5233.78
  296.3083     5233.78
  296.3752     5233.78
  296.4304     5233.78
  296.4894     5233.78
  296.5951     5233.78
  296.7511     5233.78
  296.8167     5233.78
  296.8777     5233.78
  296.9370     5233.78
  297.0112     5233.78
  297.0832     5233.78
  297.1553     5233.78
  297.2068     5233.78
  297.2631     5233.78
  297.3137     5233.78
  297.3763     5233.78
  297.4676     5233.78
  297.5151     5233.78
  297.5792     5233.78
  297.6264     5233.78
  297.6911     5233.78
  299.0818     5233.78
  299.1620     5233.78
  299.2258     5233.78
  299.2708     5233.78
  299.3298     5233.78
  299.3812     5233.78
  299.4378     5233.78
  299.5084     5233.78
  299.5744     5233.78
  299.6658     5233.78
  299.7538     5233.78
  299.8098     5233.78
  299.8738     5233.78
  299.9498     5233.78
  300.0258     5233.78
