    0.0903     6640.01
    0.1743     5120.89
    0.2229     5120.89
    0.3343     5120.89
    0.3983     5120.89
    0.4743     5120.89
    0.5423     5120.89
    0.6527     5120.89
    0.8385     5120.89
    0.9407     5120.89
    1.0224     5120.89
    1.1208     5120.89
    1.2954     5120.89
    1.4383     5120.89
    1.5303     5120.89
    1.6146     5120.89
    1.7503     5120.89
    1.8524     5120.89
    1.9473     5120.89
    2.0223     5120.89
    2.1002     5120.89
    2.1863     5120.89
    2.2743     5120.89
    2.3543     5120.89
    2.4223     5120.89
    2.4983     5120.89
    2.5743     5120.89
    2.6431     5120.72
    2.7117     5120.72
    2.7799     5120.72
    2.8384     5120.72
    2.9103     5120.72
    2.9877     5120.72
    3.0910     5120.72
    3.1661     5120.72
    3.2366     5120.72
    3.3303     5120.72
    3.4445     5120.72
    3.5997     5120.72
    3.6943     5120.72
    3.8757     5120.72
    3.9805     4971.24
    4.0649     4971.24
    4.1312     4971.24
    4.1784     4971.24
    4.2623     4971.24
    4.3823     4971.24
    4.4534     4971.24
    4.5766     4971.24
    4.7058     4971.24
    4.8143     4971.24
    4.8989     4971.24
    5.0079     4971.24
    5.0885     4971.24
    5.2143     4971.24
    5.3063     4971.24
    5.3729     4971.24
    5.4763     4971.24
    5.5943     4971.24
    5.6583     4971.24
    5.7023     4971.24
    5.7568     4971.24
    5.8503     4971.24
    5.9503     4878.88
    6.0088     4878.88
    6.0878     4878.88
    6.1596     4878.88
    6.2563     4878.88
    6.3183     4878.88
    6.3919     4878.88
    6.4754     4878.88
    6.5663     4878.88
    6.6263     4878.88
    6.7197     4878.88
    6.8652     4878.88
    6.9599     4878.88
    7.0383     4878.88
    7.1118     4878.88
    7.2046     4878.88
    7.2637     4878.88
    7.3391     4878.88
    7.4528     4878.88
    7.5623     4878.88
    7.6070     4878.88
    7.6964     4878.88
    7.8031     4878.88
    7.9023     4878.88
    7.9743     4878.88
    8.0682     4878.88
    8.1583     4878.88
    8.2324     4878.88
    8.3543     4878.88
    8.4525     4878.88
    8.5360     4878.88
    8.6374     4878.88
    8.7237     4878.88
    8.8155     4878.88
    8.8633     4878.88
    8.9309     4878.88
    9.0148     4878.88
    9.1110     4878.88
    9.2210     4878.88
    9.2983     4878.88
    9.3570     4878.88
    9.5143     4878.88
    9.5729     4878.88
    9.6831     4878.88
    9.7651     4878.88
    9.8543     4878.88
    9.9023     4878.88
   10.0210     4878.88
   10.0671     4878.88
   10.1223     4878.88
   10.2303     4878.88
   10.3063     4878.88
   10.3625     4878.88
   10.4098     4878.88
   10.4766     4878.88
   10.5790     4878.88
   10.6327     4878.88
   10.6951     4878.88
   10.8172     4878.88
   10.9235     4878.88
   11.0279     4878.88
   11.1223     4878.88
   11.1835     4878.88
   11.2949     4878.88
   11.3703     4878.88
   11.4867     4878.88
   11.5870     4878.88
   11.6543     4878.88
   11.7263     4878.88
   11.7913     4878.88
   11.8558     4878.88
   11.9303     4878.88
   11.9824     4878.88
   12.0303     4878.88
   12.0835     4878.88
   12.1298     4878.88
   12.2063     4878.88
   12.2623     4878.88
   12.3183     4878.88
   12.3717     4878.88
   12.4623     4878.88
   12.5680     4878.88
   12.6372     4878.88
   12.7223     4878.88
   12.8243     4878.88
   12.9651     4878.88
   13.0743     4878.88
   13.1470     4878.88
   13.2383     4878.88
   13.3384     4878.88
   13.4823     4878.88
   13.5640     4878.88
   13.6472     4878.88
   13.7204     4878.88
   13.8114     4878.88
   13.9042     4878.88
   13.9794     4878.88
   14.0983     4878.88
   14.2103     4878.88
   14.3096     4878.88
   14.4143     4878.88
   14.4939     4878.88
   14.6305     4878.88
   14.7143     4878.88
   14.7693     4878.88
   14.8983     4878.88
   14.9728     4878.88
   15.0642     4878.88
   15.1525     4878.88
   15.1919     4878.88
   15.2663     4878.88
   15.3184     4878.88
   15.3863     4878.88
   15.4503     4878.88
   15.4754     4878.88
   15.5352     4878.88
   15.5943     4878.88
   15.6357     4878.88
   15.7303     4878.88
   15.7943     4878.88
   15.8623     4878.88
   15.9320     4878.88
   15.9839     4878.88
   16.0503     4878.88
   16.0927     4878.88
   16.1543     4878.88
   16.2063     4878.88
   16.2663     4878.88
   16.3194     4878.88
   16.3863     4878.88
   16.4423     4878.88
   16.4961     4878.88
   16.5465     4878.88
   16.5932     4878.88
   16.6704     4878.88
   16.7383     4878.88
   16.8089     4878.88
   16.9068     4878.88
   16.9903     4878.88
   17.0530     4878.88
   17.1232     4878.88
   17.1783     4878.88
   17.2360     4878.88
   17.3143     4878.88
   17.4183     4878.88
   17.5063     4878.88
   17.5832     4878.88
   17.6983     4878.88
   17.7717     4878.88
   17.8390     4878.88
   17.9143     4878.88
   17.9803     4878.88
   18.0623     4878.88
   18.1303     4878.88
   18.2023     4866.21
   18.2903     4866.21
   18.3903     4866.21
   18.4743     4866.21
   18.5463     4866.21
   18.6086     4866.21
   18.6903     4866.21
   18.7463     4866.21
   18.7983     4866.21
   18.8903     4866.21
   18.9703     4866.21
   19.0423     4866.21
   19.1001     4866.21
   19.1663     4866.21
   19.2198     4866.21
   19.3079     4866.21
   19.3884     4866.21
   19.4743     4866.21
   19.5376     4866.21
   19.6303     4866.21
   19.7063     4866.21
   19.7863     4866.21
   19.8663     4866.21
   19.9724     4866.21
   20.0314     4866.21
   20.0961     4866.21
   20.1569     4866.21
   20.2463     4866.21
   20.3122     4866.21
   20.3823     4866.21
   20.4686     4866.21
   20.5623     4866.21
   20.6591     4866.21
   20.7202     4866.21
   20.7943     4866.21
   20.8776     4866.21
   20.9343     4866.21
   20.9886     4866.21
   21.0454     4866.21
   21.1143     4866.21
   21.1703     4866.21
   21.2503     4866.21
   21.2809     4866.21
   21.3446     4866.21
   21.4047     4866.21
   21.4772     4866.21
   21.5663     4866.21
   21.6303     4866.21
   21.6943     4866.21
   21.7361     4866.21
   21.8025     4866.21
   21.8743     4866.21
   21.9143     4866.21
   21.9984     4866.21
   22.0943     4866.21
   22.1704     4866.21
   22.2432     4866.21
   22.3192     4866.21
   22.4943     4866.21
   22.5998     4866.21
   22.6676     4866.21
   22.7544     4866.21
   22.8247     4866.21
   22.9223     4866.21
   23.0561     4866.21
   23.1458     4866.21
   23.2651     4866.21
   23.3663     4866.21
   23.4148     4866.21
   23.5143     4866.21
   23.5987     4866.21
   23.6825     4866.21
   23.8023     4866.21
   23.8985     4866.21
   24.0086     4866.21
   24.0710     4866.21
   24.1863     4866.21
   24.2769     4866.21
   24.3609     4866.21
   24.4692     4866.21
   24.5985     4866.21
   24.6663     4866.21
   24.7345     4866.21
   24.8743     4866.21
   24.9783     4866.21
   25.0984     4866.21
   25.1695     4866.21
   25.2681     4866.21
   25.3676     4866.21
   25.5209     4866.21
   25.6183     4866.21
   25.7023     4866.21
   25.7903     4866.21
   25.8703     4866.21
   25.9503     4866.21
   26.0103     4866.21
   26.0735     4866.21
   26.1623     4866.21
   26.2263     4866.21
   26.2737     4866.21
   26.3383     4866.21
   26.4124     4832.29
   26.4983     4832.29
   26.5863     4832.29
   26.6743     4832.29
   26.7543     4832.29
   26.8143     4832.29
   26.8568     4832.29
   26.9123     4832.29
   26.9823     4832.29
   27.0328     4832.29
   27.0863     4832.29
   27.1438     4832.29
   27.2305     4832.29
   27.3063     4832.29
   27.3667     4832.29
   27.4251     4832.29
   27.4863     4832.29
   27.5503     4832.29
   27.6075     4832.29
   27.6691     4832.29
   27.7343     4832.29
   27.8032     4832.29
   27.8543     4832.29
   29.2884     4832.29
   29.3283     4832.29
   29.3898     4832.29
   29.4643     4832.29
   29.5603     4832.29
   29.6059     4832.29
   29.7100     4832.29
   29.7983     4832.29
   29.8763     4832.29
   29.9451     4832.29
   30.0425     4832.29
   30.1033     4832.29
   30.1603     4832.29
   30.2145     4832.29
   30.2990     4832.29
   30.3883     4832.29
   30.4866     4832.29
   30.6071     4832.29
   30.6883     4832.29
   30.7252     4832.29
   30.8443     4832.29
   30.9218     4832.29
   31.0459     4832.29
   31.1391     4832.29
   31.2044     4832.29
   31.2577     4832.29
   31.3323     4832.29
   31.4123     4832.29
   31.4883     4832.29
   31.5626     4832.29
   31.6426     4832.29
   31.7081     4832.29
   31.8004     4832.29
   31.8607     4832.29
   31.9403     4832.29
   32.0061     4832.29
   32.0860     4832.29
   32.1683     4832.29
   32.2531     4832.29
   32.3403     4832.29
   32.3939     4832.29
   32.4643     4832.29
   32.5443     4832.29
   32.5896     4832.29
   32.6643     4832.29
   32.7604     4832.29
   32.8405     4832.29
   32.9164     4832.29
   33.0084     4832.29
   33.0724     4832.29
   33.1694     4832.29
   33.2724     4832.29
   33.3524     4832.29
   33.4244     4832.29
   33.5021     4832.29
   33.5723     4832.29
   33.6390     4832.29
   33.7004     4832.29
   33.7684     4832.29
   33.8288     4832.29
   33.9056     4832.29
   33.9684     4832.29
   34.0083     4832.29
   34.0684     4832.29
   34.1283     4832.29
   34.1705     4832.29
   34.2444     4832.29
   34.2923     4832.29
   34.3764     4832.29
   34.4476     4832.29
   34.5566     4832.29
   34.6288     4832.29
   34.6963     4832.29
   34.7683     4832.29
   34.8708     4832.29
   34.9351     4832.29
   35.0525     4832.29
   35.1484     4832.29
   35.2707     4832.29
   35.3474     4832.29
   35.4610     4832.29
   35.5264     4832.29
   35.5940     4832.29
   35.6782     4832.29
   35.7591     4832.29
   35.8364     4832.29
   35.9138     4832.29
   36.0803     4832.29
   36.2123     4832.29
   36.2923     4832.29
   36.3563     4832.29
   36.4323     4832.29
   36.5389     4832.29
   36.6211     4832.29
   36.6964     4832.29
   36.7543     4832.29
   36.8523     4832.29
   36.9095     4832.29
   36.9789     4832.29
   37.0723     4832.29
   37.1644     4832.29
   37.2318     4832.29
   37.3163     4832.29
   37.4043     4832.29
   37.4503     4832.29
   37.5155     4832.29
   37.6083     4832.29
   37.6651     4832.29
   37.7243     4832.29
   37.7762     4832.29
   37.8443     4832.29
   37.8867     4832.29
   37.9603     4832.29
   38.0123     4832.29
   38.0591     4832.29
   38.1203     4832.29
   38.1966     4832.29
   38.2541     4832.29
   38.3163     4832.29
   38.3803     4832.29
   38.4357     4832.29
   38.5204     4832.29
   38.5803     4832.29
   38.6363     4832.29
   38.6923     4832.29
   38.7363     4832.29
   38.8003     4832.29
   38.8683     4832.29
   38.9231     4832.29
   38.9883     4832.29
   39.0534     4832.29
   39.1043     4832.29
   39.1523     4832.29
   39.2157     4832.29
   39.2767     4832.29
   39.3323     4832.29
   39.3883     4832.29
   39.4603     4832.29
   39.5243     4832.29
   39.5659     4832.29
   39.6483     4832.29
   39.7043     4832.29
   39.7563     4832.29
   39.8003     4832.29
   39.8644     4832.29
   39.9260     4832.29
   39.9803     4832.29
   40.0443     4832.29
   40.1083     4832.29
   40.1723     4832.29
   40.2403     4832.29
   40.2824     4832.29
   40.3643     4832.29
   40.4311     4832.29
   40.5003     4832.29
   40.5643     4832.29
   40.6323     4832.29
   40.7003     4832.29
   40.7713     4832.29
   40.9243     4832.29
   41.0506     4832.29
   41.1214     4832.29
   41.1711     4832.29
   41.2469     4832.29
   41.3243     4832.29
   41.3963     4832.29
   41.4442     4832.29
   41.5267     4832.29
   41.6043     4832.29
   41.6643     4832.29
   41.7168     4832.29
   41.8084     4832.29
   41.8723     4832.29
   41.9443     4832.29
   42.0283     4832.29
   42.0843     4832.29
   42.1563     4832.29
   42.2203     4832.29
   42.2883     4832.29
   42.3523     4832.29
   42.4163     4832.29
   42.4803     4832.29
   42.5542     4832.29
   42.6025     4832.29
   42.6685     4832.29
   42.7404     4832.29
   42.8384     4832.29
   42.9363     4832.29
   43.0029     4832.29
   43.0923     4832.29
   43.1887     4832.29
   43.2683     4832.29
   43.3523     4803.27
   43.4363     4803.27
   43.4963     4803.27
   43.6219     4803.27
   43.6998     4803.27
   43.8254     4803.27
   43.8803     4803.27
   43.9483     4803.27
   44.0123     4803.27
   44.0806     4803.27
   44.1563     4803.27
   44.2284     4803.27
   44.2964     4803.27
   44.3784     4803.27
   44.4284     4803.27
   44.4948     4803.27
   44.5843     4803.27
   44.6577     4803.27
   44.7563     4803.27
   44.8156     4803.27
   44.8963     4803.27
   44.9576     4803.27
   45.0208     4803.27
   45.1123     4803.27
   45.1723     4803.27
   45.2264     4803.27
   45.3243     4803.27
   45.3958     4803.27
   45.4523     4803.27
   45.5112     4803.27
   45.5723     4803.27
   45.6190     4803.27
   45.6843     4803.27
   45.7364     4803.27
   45.7890     4803.27
   45.8603     4803.27
   45.9071     4803.27
   45.9660     4803.27
   46.0347     4803.27
   46.1083     4803.27
   46.1504     4803.27
   46.2014     4803.27
   46.2582     4803.27
   46.3283     4803.27
   46.3870     4803.27
   46.4483     4803.27
   46.5028     4803.27
   46.5486     4803.27
   46.6163     4803.27
   46.6754     4803.27
   46.7523     4803.27
   46.8006     4803.27
   46.8843     4803.27
   46.9440     4803.27
   47.0043     4803.27
   47.0709     4803.27
   47.1363     4803.27
   47.1963     4803.27
   47.2649     4803.27
   47.3283     4803.27
   47.3937     4803.27
   47.4683     4803.27
   47.5363     4803.27
   47.6077     4803.27
   47.6603     4803.27
   47.7078     4803.27
   47.7963     4803.27
   47.8457     4803.27
   47.9003     4803.27
   47.9804     4803.27
   48.0403     4803.27
   48.1043     4803.27
   48.2003     4803.27
   48.2643     4803.27
   48.3283     4803.27
   48.3999     4803.27
   48.4643     4803.27
   48.5433     4803.27
   48.6043     4803.27
   48.6603     4803.27
   48.7163     4803.27
   48.7705     4803.27
   48.8224     4803.27
   48.8899     4803.27
   48.9643     4803.27
   49.0483     4803.27
   49.1199     4803.27
   49.2003     4803.27
   49.2533     4803.27
   49.3123     4803.27
   49.3929     4803.27
   49.5096     4803.27
   49.5992     4803.27
   49.6807     4803.27
   49.7894     4803.27
   49.8430     4803.27
   49.9696     4803.27
   50.0215     4803.27
   50.0947     4803.27
   50.1658     4803.27
   50.2284     4803.27
   50.2923     4803.27
   50.3410     4803.27
   50.4283     4803.27
   50.4826     4803.27
   50.5403     4803.27
   50.6003     4803.27
   50.6723     4803.27
   50.7363     4803.27
   50.7923     4803.27
   50.8475     4803.27
   50.9454     4803.27
   51.0425     4803.27
   51.1494     4803.27
   51.2304     4803.27
   51.3083     4803.27
   51.3820     4803.27
   51.4732     4803.27
   51.5654     4803.27
   51.6204     4803.27
   51.7107     4803.27
   51.8260     4803.27
   51.8867     4803.27
   52.0053     4803.27
   52.1483     4803.27
   52.2048     4803.27
   52.2763     4803.27
   52.3379     4803.27
   52.4150     4803.27
   52.5443     4803.27
   52.6163     4803.27
   52.7449     4803.27
   52.8283     4803.27
   52.9323     4803.27
   53.0124     4803.27
   53.0928     4803.27
   53.2044     4803.27
   53.2843     4803.27
   53.3649     4803.27
   53.4260     4803.27
   53.5523     4803.27
   53.6450     4803.27
   53.7344     4803.27
   53.7851     4803.27
   53.8563     4803.27
   53.9725     4803.27
   54.0603     4803.27
   54.1259     4803.27
   54.2264     4803.27
   54.3283     4803.27
   54.4523     4803.27
   54.5363     4803.27
   54.6304     4803.27
   54.7248     4803.27
   54.8135     4803.27
   54.9004     4803.27
   54.9883     4803.27
   55.0622     4803.27
   55.1452     4803.27
   55.2563     4803.27
   55.3293     4803.27
   55.3818     4803.27
   55.4707     4803.27
   55.5403     4803.27
   55.6567     4803.27
   55.7963     4803.27
   55.8785     4803.27
   55.9643     4803.27
   56.0953     4803.27
   56.1550     4803.27
   56.2110     4803.27
   56.2963     4803.27
   56.3764     4803.27
   56.4889     4803.27
   56.5648     4803.27
   56.6731     4803.27
   56.7343     4803.27
   56.8300     4803.27
   56.9215     4803.27
   56.9927     4803.27
   57.0851     4803.27
   57.1643     4803.27
   57.2324     4803.27
   57.2683     4803.27
   57.3255     4803.27
   57.3883     4803.27
   57.4483     4803.27
   57.4853     4803.27
   57.5883     4803.27
   57.6763     4803.27
   57.7643     4803.27
   57.8443     4803.27
   57.9083     4803.27
   58.0203     4803.27
   58.1265     4803.27
   58.2083     4803.27
   58.2723     4803.27
   58.3708     4803.27
   58.4223     4803.27
   58.5443     4803.27
   58.6135     4803.27
   58.6883     4803.27
   58.7731     4803.27
   58.8604     4803.27
   58.9649     4803.27
   59.0296     4803.27
   59.1253     4803.27
   59.2363     4803.27
   59.3003     4803.27
   59.4019     4803.27
   59.5286     4803.27
   59.5974     4803.27
   59.7124     4803.27
   59.7687     4803.27
   59.8230     4803.27
   59.9373     4803.27
   60.0774     4803.27
   60.1923     4803.27
   60.2888     4803.27
   60.3805     4803.27
   60.4733     4803.27
   60.5974     4803.27
   60.7212     4803.27
   60.8084     4803.27
   60.8665     4803.27
   60.9777     4803.27
   61.0643     4803.27
   61.1594     4803.27
   61.2363     4803.27
   61.3163     4803.27
   61.3742     4803.27
   61.4751     4803.27
   61.5817     4803.27
   61.6690     4803.27
   61.7323     4803.27
   63.2147     4803.27
   63.3044     4803.27
   63.3648     4803.27
   63.4664     4803.27
   63.5359     4803.27
   63.6418     4803.27
   63.7307     4803.27
   63.7920     4803.27
   63.8535     4803.27
   63.9695     4803.27
   64.0776     4803.27
   64.1793     4803.27
   64.2375     4803.27
   64.3575     4803.27
   64.4500     4803.27
   64.5735     4803.27
   64.6993     4803.27
   64.7575     4803.27
   64.8588     4803.27
   64.9455     4803.27
   65.0159     4803.27
   65.1389     4803.27
   65.2198     4803.27
   65.2855     4803.27
   65.3495     4803.27
   65.4055     4803.27
   65.4652     4803.27
   65.5295     4803.27
   65.5815     4803.27
   65.6295     4803.27
   65.6882     4803.27
   65.7640     4803.27
   65.8295     4803.27
   65.8871     4803.27
   65.9495     4803.27
   66.0161     4803.27
   66.0735     4803.27
   66.1258     4803.27
   66.2055     4803.27
   66.2918     4803.27
   66.3696     4803.27
   66.4375     4803.27
   66.4903     4803.27
   66.5535     4803.27
   66.6101     4803.27
   66.6775     4803.27
   66.7428     4803.27
   66.8015     4803.27
   66.8390     4803.27
   66.8975     4803.27
   66.9386     4803.27
   67.0135     4803.27
   67.0799     4803.27
   67.1415     4803.27
   67.2095     4803.27
   67.2815     4803.27
   67.3419     4803.27
   67.4015     4803.27
   67.5066     4803.27
   67.5633     4803.27
   67.6673     4803.27
   67.7775     4803.27
   67.8752     4803.27
   67.9338     4803.27
   68.0135     4803.27
   68.1255     4803.27
   68.2037     4803.27
   68.3361     4803.27
   68.4475     4803.27
   68.5255     4803.27
   68.5738     4803.27
   68.6509     4803.27
   68.7590     4803.27
   68.8262     4803.27
   68.9179     4803.27
   69.0141     4803.27
   69.0909     4803.27
   69.2117     4803.27
   69.2815     4803.27
   69.3629     4803.27
   69.4623     4803.27
   69.5308     4803.27
   69.6335     4803.27
   69.7015     4803.27
   69.7823     4803.27
   69.8890     4803.27
   69.9535     4803.27
   70.0255     4803.27
   70.1080     4803.27
   70.2269     4803.27
   70.3095     4803.27
   70.4444     4798.54
   70.5375     4798.54
   70.6095     4798.54
   70.6656     4798.54
   70.7035     4798.54
   70.7710     4798.54
   70.8192     4798.54
   70.9255     4798.54
   71.0015     4798.54
   71.0384     4798.54
   71.1255     4798.54
   71.2015     4798.54
   71.2815     4798.54
   71.3375     4798.54
   71.3804     4798.54
   71.4495     4798.54
   71.5175     4798.54
   71.6055     4798.54
   71.6804     4798.54
   71.7455     4798.54
   71.8037     4798.54
   71.8895     4798.54
   71.9482     4798.54
   72.0175     4798.54
   72.0695     4798.54
   72.1415     4798.54
   72.2175     4798.54
   72.2735     4798.54
   72.3242     4798.54
   72.3815     4798.54
   72.4255     4798.54
   72.4764     4798.54
   72.5615     4798.54
   72.6335     4798.54
   72.7176     4798.54
   72.7760     4798.54
   72.8495     4798.54
   72.9255     4798.54
   72.9744     4798.54
   73.0655     4798.54
   73.1227     4798.54
   73.2055     4798.54
   73.2628     4798.54
   73.3295     4798.54
   73.4032     4798.54
   73.4757     4798.54
   73.5615     4798.54
   73.6375     4798.54
   73.6975     4798.54
   73.7655     4798.54
   73.8323     4798.54
   73.8895     4798.54
   73.9363     4798.54
   74.0055     4798.54
   74.0495     4798.54
   74.1136     4798.54
   74.1935     4798.54
   74.2757     4798.54
   74.3417     4798.54
   74.4072     4798.54
   74.4937     4798.54
   74.5655     4798.54
   74.6356     4798.54
   74.7020     4798.54
   74.7935     4798.54
   74.8535     4798.54
   74.9295     4798.54
   75.0175     4798.54
   75.0715     4798.54
   75.1455     4798.54
   75.2132     4798.54
   75.2695     4798.54
   75.3255     4798.54
   75.3933     4798.54
   75.4695     4798.54
   75.5091     4798.54
   75.5735     4798.54
   75.6415     4798.54
   75.7215     4798.54
   75.7901     4798.54
   75.8975     4798.54
   75.9457     4798.54
   76.0095     4798.54
   76.0935     4798.54
   76.1735     4798.54
   76.2417     4798.54
   76.3391     4798.54
   76.4674     4798.54
   76.5575     4798.54
   76.6219     4798.54
   76.7361     4798.54
   76.8175     4798.54
   76.9015     4798.54
   76.9695     4798.54
   77.0855     4798.54
   77.1935     4798.54
   77.2575     4798.54
   77.3273     4798.54
   77.3815     4798.54
   77.4255     4798.54
   77.4975     4798.54
   77.5506     4798.54
   77.6010     4798.54
   77.6808     4798.54
   77.7468     4798.54
   77.8156     4798.54
   77.8975     4798.54
   77.9624     4798.54
   78.0616     4798.54
   78.1375     4798.54
   78.1975     4798.54
   78.2695     4798.54
   78.3415     4798.54
   78.3935     4798.54
   78.4535     4798.54
   78.5126     4798.54
   78.5855     4798.54
   78.6655     4798.54
   78.7175     4798.54
   78.7895     4798.54
   78.8373     4798.54
   78.9095     4798.54
   78.9775     4798.54
   79.0467     4798.54
   79.1255     4798.54
   79.1880     4798.54
   79.2821     4798.54
   79.4335     4798.54
   79.5005     4798.54
   79.5896     4798.54
   79.6546     4798.54
   79.7215     4798.54
   79.7775     4798.54
   79.8554     4798.54
   79.9686     4798.54
   80.0575     4798.54
   80.1307     4798.54
   80.2259     4798.54
   80.3079     4798.54
   80.3855     4798.54
   80.4706     4798.54
   80.5403     4798.54
   80.6300     4798.54
   80.7335     4798.54
   80.7787     4798.54
   80.8936     4798.54
   81.0336     4798.54
   81.1135     4798.54
   81.2055     4798.54
   81.2663     4798.54
   81.3535     4798.54
   81.4095     4798.54
   81.4815     4798.54
   81.5455     4798.54
   81.6255     4798.54
   81.7222     4798.54
   81.8295     4798.54
   81.9135     4798.54
   81.9935     4798.54
   82.0746     4798.54
   82.1535     4798.54
   82.2157     4798.54
   82.2793     4798.54
   82.3431     4798.54
   82.4457     4798.54
   82.5135     4798.54
   82.5735     4798.54
   82.6335     4798.54
   82.7255     4798.54
   82.7876     4798.54
   82.8495     4798.54
   82.9215     4798.54
   82.9735     4798.54
   83.0127     4798.54
   83.0815     4798.54
   83.1335     4798.54
   83.1804     4798.54
   83.2415     4798.54
   83.2975     4798.54
   83.3634     4798.54
   83.4255     4798.54
   83.5022     4798.54
   83.5855     4798.54
   83.6776     4798.54
   83.7379     4798.54
   83.8295     4798.54
   83.8975     4798.54
   83.9459     4798.54
   84.0354     4798.54
   84.1082     4798.54
   84.2095     4798.54
   84.3455     4798.54
   84.4470     4798.54
   84.5347     4798.54
   84.6055     4798.54
   84.6642     4798.54
   84.7735     4716.10
   84.8855     4716.10
   84.9695     4716.10
   85.0655     4716.10
   85.1399     4716.10
   85.2066     4716.10
   85.2551     4716.10
   85.3428     4716.10
   85.4123     4716.10
   85.5135     4716.10
   85.5935     4716.10
   85.6775     4716.10
   85.7610     4716.10
   85.8547     4716.10
   85.9400     4716.10
   86.0341     4716.10
   86.1425     4716.10
   86.2581     4716.10
   86.3495     4716.10
   86.4415     4716.10
   86.5069     4716.10
   86.6055     4716.10
   86.7055     4716.10
   86.8055     4716.10
   86.8815     4716.10
   86.9982     4716.10
   87.0655     4716.10
   87.1335     4716.10
   87.2486     4716.10
   87.3155     4716.10
   87.3829     4716.10
   87.5140     4716.10
   87.5945     4716.10
   87.6747     4716.10
   87.8095     4716.10
   87.9031     4716.10
   87.9576     4716.10
   88.0112     4716.10
   88.1158     4716.10
   88.1596     4716.10
   88.2255     4716.10
   88.2855     4716.10
   88.4015     4716.10
   88.4645     4716.10
   88.5895     4716.10
   88.6637     4716.10
   88.7655     4716.10
   88.8919     4716.10
   89.0162     4716.10
   89.1175     4716.10
   89.2142     4716.10
   89.2697     4716.10
   89.3377     4716.10
   89.4098     4716.10
   89.4695     4716.10
   89.5161     4716.10
   89.5632     4716.10
   89.6375     4716.10
   89.6979     4716.10
   89.7735     4716.10
   89.8471     4716.10
   89.9068     4716.10
   89.9735     4716.10
   90.0535     4716.10
   90.1270     4716.10
   90.2055     4716.10
   90.2562     4716.10
   90.3159     4716.10
   90.3775     4716.10
   90.4415     4716.10
   90.4887     4716.10
   90.5815     4716.10
   90.6495     4716.10
   90.7104     4716.10
   90.7718     4716.10
   90.8428     4716.10
   90.9255     4716.10
   90.9764     4716.10
   91.0415     4716.10
   91.1312     4716.10
   91.1855     4716.10
   91.2415     4716.10
   91.3535     4716.10
   91.4415     4716.10
   91.5295     4716.10
   91.5775     4716.10
   91.6575     4716.10
   91.7216     4716.10
   91.7975     4716.10
   91.9071     4716.10
   92.0668     4716.10
   92.1415     4716.10
   92.1935     4716.10
   92.3255     4716.10
   92.4315     4716.10
   92.5535     4716.10
   92.6833     4716.10
   92.7455     4716.10
   92.8103     4716.10
   92.8668     4716.10
   92.9337     4716.10
   92.9843     4716.10
   93.0655     4716.10
   93.1634     4716.10
   93.2535     4716.10
   93.3551     4716.10
   93.4335     4716.10
   93.5415     4716.10
   93.6215     4716.10
   93.6895     4716.10
   93.7775     4716.10
   93.8455     4716.10
   93.9539     4716.10
   94.0219     4716.10
   94.0855     4716.10
   94.1984     4716.10
   94.2676     4716.10
   94.3458     4716.10
   94.4580     4716.10
   94.5423     4716.10
   94.6308     4716.10
   94.6895     4716.10
   94.7975     4716.10
   94.8821     4716.10
   94.9455     4716.10
   95.0034     4716.10
   95.0615     4716.10
   95.1535     4716.10
   95.2673     4716.10
   96.7923     4716.10
   96.8770     4716.10
   97.0003     4716.10
   97.1340     4716.10
   97.2043     4716.10
   97.2723     4716.10
   97.3589     4716.10
   97.4443     4716.10
   97.5003     4716.10
   97.5683     4716.10
   97.6299     4716.10
   97.7063     4716.10
   97.7978     4716.10
   97.9363     4716.10
   98.0043     4716.10
   98.0969     4716.10
   98.1701     4716.10
   98.2803     4716.10
   98.3430     4716.10
   98.4377     4716.10
   98.5683     4716.10
   98.6312     4716.10
   98.7341     4716.10
   98.8348     4716.10
   98.9206     4716.10
   98.9693     4716.10
   99.0588     4716.10
   99.1563     4716.10
   99.2403     4716.10
   99.3163     4716.10
   99.3792     4716.10
   99.4563     4716.10
   99.5644     4716.10
   99.6883     4716.10
   99.8054     4716.10
   99.8806     4716.10
   99.9523     4716.10
  100.0083     4716.10
  100.0923     4716.10
  100.1603     4716.10
  100.2109     4716.10
  100.2803     4716.10
  100.3363     4716.10
  100.3883     4716.10
  100.4523     4716.10
  100.5214     4716.10
  100.5963     4716.10
  100.6470     4716.10
  100.7123     4716.10
  100.7803     4716.10
  100.8683     4716.10
  100.9363     4716.10
  100.9805     4716.10
  101.0443     4716.10
  101.1017     4716.10
  101.1683     4716.10
  101.2483     4716.10
  101.2931     4716.10
  101.3803     4716.10
  101.4478     4716.10
  101.5083     4716.10
  101.5546     4716.10
  101.6203     4716.10
  101.6923     4716.10
  101.7803     4716.10
  101.8603     4716.10
  101.9363     4716.10
  101.9923     4716.10
  102.0723     4716.10
  102.1483     4716.10
  102.2203     4716.10
  102.3205     4716.10
  102.3852     4716.10
  102.4806     4716.10
  102.5523     4716.10
  102.6097     4716.10
  102.6683     4716.10
  102.7571     4716.10
  102.8443     4716.10
  102.9231     4716.10
  103.0201     4716.10
  103.1163     4716.10
  103.2049     4716.10
  103.3371     4716.10
  103.4383     4716.10
  103.5483     4716.10
  103.6580     4716.10
  103.7363     4716.10
  103.8243     4716.10
  103.8843     4716.10
  103.9683     4716.10
  104.0443     4716.10
  104.1083     4716.10
  104.1866     4716.10
  104.2464     4716.10
  104.3173     4716.10
  104.3884     4716.10
  104.4420     4716.10
  104.5363     4716.10
  104.6483     4716.10
  104.7268     4716.10
  104.8063     4716.10
  104.9568     4716.10
  105.0284     4716.10
  105.1369     4716.10
  105.2540     4716.10
  105.3363     4716.10
  105.3950     4716.10
  105.5003     4716.10
  105.5743     4716.10
  105.6499     4716.10
  105.7371     4716.10
  105.7896     4716.10
  105.8679     4716.10
  105.9443     4716.10
  106.0443     4716.10
  106.0945     4716.10
  106.1797     4716.10
  106.3003     4716.10
  106.3701     4716.10
  106.4616     4716.10
  106.5487     4716.10
  106.6050     4716.10
  106.7243     4716.10
  106.7969     4716.10
  106.8963     4716.10
  106.9784     4716.10
  107.0403     4716.10
  107.1588     4716.10
  107.2259     4716.10
  107.3144     4716.10
  107.3950     4716.10
  107.4846     4716.10
  107.5932     4716.10
  107.6523     4716.10
  107.7483     4716.10
  107.8508     4716.10
  107.9683     4716.10
  108.0243     4716.10
  108.1243     4716.10
  108.1843     4716.10
  108.2487     4716.10
  108.3363     4716.10
  108.4243     4716.10
  108.4803     4716.10
  108.5563     4716.10
  108.6243     4716.10
  108.7003     4716.10
  108.7683     4716.10
  108.8523     4716.10
  108.9033     4716.10
  108.9803     4716.10
  109.0523     4716.10
  109.1203     4716.10
  109.1797     4716.10
  109.2723     4716.10
  109.3193     4716.10
  109.3923     4716.10
  109.4639     4716.10
  109.5283     4716.10
  109.5796     4716.10
  109.6762     4716.10
  109.7574     4716.10
  109.8323     4716.10
  109.8886     4716.10
  109.9643     4716.10
  110.0292     4716.10
  110.1283     4716.10
  110.2058     4716.10
  110.2840     4716.10
  110.3807     4716.10
  110.4243     4716.10
  110.4963     4716.10
  110.5683     4716.10
  110.6414     4716.10
  110.7613     4716.10
  110.8960     4716.10
  110.9691     4716.10
  111.0563     4716.10
  111.1537     4716.10
  111.2926     4716.10
  111.4021     4716.10
  111.4895     4716.10
  111.5603     4716.10
  111.6403     4716.10
  111.7323     4716.10
  111.8003     4716.10
  111.8683     4716.10
  111.9116     4716.10
  111.9643     4716.10
  112.0175     4716.10
  112.0843     4716.10
  112.1803     4716.10
  112.2637     4716.10
  112.3389     4716.10
  112.4199     4716.10
  112.5483     4716.10
  112.6523     4716.10
  112.7456     4716.10
  112.8323     4716.10
  112.9342     4716.10
  113.1300     4716.10
  113.2206     4716.10
  113.3283     4716.10
  113.4129     4716.10
  113.4946     4716.10
  113.6048     4716.10
  113.6634     4716.10
  113.7923     4716.10
  113.9003     4716.10
  113.9767     4716.10
  114.0883     4716.10
  114.1963     4716.10
  114.2723     4716.10
  114.3419     4716.10
  114.4323     4716.10
  114.4864     4716.10
  114.5723     4716.10
  114.6403     4716.10
  114.7133     4716.10
  114.7963     4716.10
  114.8468     4716.10
  114.9163     4716.10
  114.9950     4716.10
  115.0336     4716.10
  115.0967     4716.10
  115.1862     4716.10
  115.2803     4716.10
  115.3292     4716.10
  115.4323     4716.10
  115.4901     4716.10
  115.5883     4716.10
  115.6643     4716.10
  115.7523     4716.10
  115.8363     4716.10
  115.9283     4716.10
  116.0004     4716.10
  116.1043     4716.10
  116.1652     4716.10
  116.2308     4716.10
  116.2967     4716.10
  116.3782     4716.10
  116.4547     4716.10
  116.5615     4716.10
  116.6484     4716.10
  116.7529     4716.10
  116.8448     4716.10
  116.9443     4716.10
  117.0443     4716.10
  117.1523     4716.10
  117.2305     4716.10
  117.3163     4716.10
  117.3779     4716.10
  117.4489     4716.10
  117.5505     4716.10
  117.6308     4716.10
  117.7483     4716.10
  117.9003     4716.10
  117.9650     4716.10
  118.0443     4716.10
  118.1014     4716.10
  118.1803     4716.10
  118.2351     4716.10
  118.3271     4716.10
  118.3890     4716.10
  118.4629     4716.10
  118.5363     4716.10
  118.6192     4716.10
  118.7003     4716.10
  118.7883     4716.10
  118.8582     4716.10
  118.9563     4716.10
  119.0138     4716.10
  119.0941     4716.10
  119.1763     4716.10
  119.2683     4716.10
  119.3523     4716.10
  119.4373     4716.10
  119.5003     4716.10
  119.5700     4716.10
  119.6790     4716.10
  119.8172     4716.10
  119.9365     4716.10
  120.0495     4716.10
  120.1959     4716.10
  120.2734     4716.10
  120.3648     4716.10
  120.4602     4716.10
  120.5923     4716.10
  120.6603     4716.10
  120.7403     4716.10
  120.7895     4716.10
  120.8523     4716.10
  120.9283     4716.10
  120.9918     4716.10
  121.0923     4716.10
  121.1723     4716.10
  121.2363     4716.10
  121.3083     4716.10
  121.3611     4716.10
  121.4346     4716.10
  121.5043     4716.10
  121.6043     4716.10
  121.6763     4716.10
  121.7403     4716.10
  121.8683     4716.10
  122.0092     4716.10
  122.1012     4716.10
  122.2410     4716.10
  122.3352     4716.10
  122.4443     4716.10
  122.5063     4716.10
  122.5789     4716.10
  122.6472     4716.10
  122.7083     4716.10
  122.7643     4716.10
  122.8283     4716.10
  122.8843     4716.10
  122.9403     4716.10
  123.0083     4716.10
  123.0711     4716.10
  123.1243     4716.10
  123.1803     4716.10
  123.2484     4716.10
  123.3119     4716.10
  123.3763     4716.10
  123.4310     4716.10
  123.4883     4716.10
  123.5643     4716.10
  123.6163     4716.10
  123.6763     4716.10
  123.7283     4716.10
  123.7777     4716.10
  123.8683     4716.10
  123.9308     4716.10
  124.0147     4716.10
  124.1187     4716.10
  124.1905     4716.10
  124.2523     4716.10
  124.3043     4716.10
  124.3603     4716.10
  124.4184     4716.10
  124.5043     4716.10
  124.5607     4716.10
  124.6131     4716.10
  124.7123     4716.10
  124.8083     4716.10
  124.8923     4716.10
  124.9454     4716.10
  125.0243     4716.10
  125.1163     4716.10
  125.1601     4716.10
  125.2523     4716.10
  125.3203     4716.10
  125.3723     4716.10
  125.4363     4716.10
  125.4886     4716.10
  125.5763     4716.10
  125.6451     4716.10
  125.7003     4716.10
  125.8083     4716.10
  125.8763     4716.10
  125.9518     4716.10
  126.0443     4716.10
  126.1003     4716.10
  126.1649     4716.10
  126.2323     4716.10
  126.3003     4716.10
  126.3843     4716.10
  126.4603     4716.10
  126.5203     4716.10
  126.5883     4716.10
  126.6483     4716.10
  126.6951     4716.10
  126.7763     4716.10
  126.8483     4716.10
  126.9145     4716.10
  127.0163     4716.10
  127.0775     4716.10
  127.1587     4716.10
  127.2308     4716.10
  127.3043     4716.10
  127.3843     4716.10
  127.4763     4716.10
  127.5563     4716.10
  127.6403     4716.10
  127.7123     4716.10
  127.8083     4716.10
  127.8974     4716.10
  127.9803     4716.10
  128.0239     4716.10
  128.1003     4716.10
  128.1886     4716.10
  128.2923     4716.10
  128.3829     4716.10
  128.4843     4716.10
  128.5413     4716.10
  128.6363     4716.10
  128.7083     4716.10
  128.7843     4716.10
  128.8563     4716.10
  128.9502     4716.10
  130.4354     4716.10
  130.4738     4716.10
  130.5545     4716.10
  130.6355     4716.10
  130.7289     4716.10
  130.8234     4716.10
  130.9114     4716.10
  131.0213     4716.10
  131.1293     4716.10
  131.2234     4716.10
  131.2901     4716.10
  131.3794     4716.10
  131.4434     4716.10
  131.5234     4716.10
  131.5794     4716.10
  131.6489     4716.10
  131.7474     4716.10
  131.8285     4716.10
  131.9089     4716.10
  131.9874     4716.10
  132.0434     4716.10
  132.1034     4716.10
  132.1674     4716.10
  132.2194     4716.10
  132.2874     4716.10
  132.3354     4716.10
  132.4074     4716.10
  132.5074     4716.10
  132.5789     4716.10
  132.6594     4716.10
  132.7178     4716.10
  132.8234     4716.10
  132.8768     4716.10
  132.9457     4716.10
  133.0565     4716.10
  133.1682     4716.10
  133.2474     4716.10
  133.3093     4716.10
  133.4034     4716.10
  133.4834     4716.10
  133.5874     4716.10
  133.6594     4716.10
  133.7274     4716.10
  133.8114     4716.10
  133.8874     4716.10
  133.9514     4716.10
  134.0314     4716.10
  134.0914     4716.10
  134.1714     4716.10
  134.2489     4716.10
  134.3046     4716.10
  134.4147     4716.10
  134.5074     4716.10
  134.5934     4716.10
  134.6794     4716.10
  134.7514     4716.10
  134.8434     4716.10
  134.9077     4716.10
  134.9674     4716.10
  135.0132     4716.10
  135.0634     4716.10
  135.1158     4716.10
  135.1714     4716.10
  135.2247     4716.10
  135.3234     4716.10
  135.3891     4716.10
  135.4512     4716.10
  135.5074     4716.10
  135.5634     4716.10
  135.6314     4716.10
  135.6874     4716.10
  135.7514     4716.10
  135.8166     4716.10
  135.8874     4716.10
  135.9593     4716.10
  136.0274     4716.10
  136.1029     4716.10
  136.1667     4716.10
  136.2245     4716.10
  136.3474     4716.10
  136.4434     4716.10
  136.5257     4716.10
  136.6354     4716.10
  136.6994     4716.10
  136.7794     4716.10
  136.8634     4716.10
  136.9674     4716.10
  137.0394     4716.10
  137.0907     4716.10
  137.1594     4716.10
  137.2293     4716.10
  137.2965     4716.10
  137.3754     4716.10
  137.5074     4716.10
  137.5834     4716.10
  137.6442     4716.10
  137.7168     4716.10
  137.7794     4716.10
  137.8370     4716.10
  137.8914     4716.10
  137.9436     4716.10
  138.0154     4716.10
  138.0754     4716.10
  138.1696     4716.10
  138.2634     4716.10
  138.3761     4716.10
  138.4456     4716.10
  138.5234     4716.10
  138.6254     4716.10
  138.7008     4716.10
  138.7697     4716.10
  138.8608     4716.10
  138.9372     4716.10
  139.0244     4716.10
  139.1459     4716.10
  139.3314     4716.10
  139.4394     4716.10
  139.5114     4716.10
  139.5944     4716.10
  139.7034     4716.10
  139.7754     4716.10
  139.8834     4716.10
  139.9994     4716.10
  140.1034     4716.10
  140.1654     4716.10
  140.2535     4716.10
  140.3942     4716.10
  140.5234     4716.10
  140.6903     4716.10
  140.8474     4716.10
  140.9706     4716.10
  141.0914     4716.10
  141.1800     4716.10
  141.2634     4716.10
  141.3241     4716.10
  141.4130     4716.10
  141.4874     4716.10
  141.5778     4716.10
  141.6554     4716.10
  141.7420     4716.10
  141.8803     4716.10
  141.9754     4716.10
  142.0364     4716.10
  142.1236     4716.10
  142.1794     4716.10
  142.3075     4716.10
  142.3914     4716.10
  142.4854     4716.10
  142.5802     4716.10
  142.6834     4716.10
  142.8316     4716.10
  142.9251     4716.10
  142.9981     4716.10
  143.0554     4716.10
  143.1354     4716.10
  143.1817     4716.10
  143.2754     4716.10
  143.3834     4716.10
  143.4794     4716.10
  143.5403     4716.10
  143.6234     4716.10
  143.6954     4716.10
  143.7641     4716.10
  143.8594     4716.10
  143.9177     4716.10
  143.9914     4716.10
  144.0714     4716.10
  144.1394     4716.10
  144.1846     4716.10
  144.2558     4716.10
  144.3434     4716.10
  144.3778     4716.10
  144.4695     4716.10
  144.5555     4716.10
  144.6227     4716.10
  144.7314     4716.10
  144.7964     4716.10
  144.8914     4716.10
  144.9501     4716.10
  145.0273     4716.10
  145.0794     4716.10
  145.1350     4716.10
  145.2314     4716.10
  145.2794     4716.10
  145.3394     4716.10
  145.4013     4716.10
  145.4994     4716.10
  145.5594     4716.10
  145.6195     4716.10
  145.6914     4716.10
  145.7545     4716.10
  145.8234     4716.10
  145.8754     4716.10
  145.9165     4716.10
  145.9794     4716.10
  146.0554     4716.10
  146.1199     4716.10
  146.1674     4716.10
  146.2256     4716.10
  146.2994     4716.10
  146.3545     4716.10
  146.4514     4716.10
  146.5112     4716.10
  146.5874     4716.10
  146.6474     4716.10
  146.7194     4716.10
  146.7725     4716.10
  146.8394     4716.10
  146.8994     4716.10
  146.9434     4716.10
  146.9935     4716.10
  147.0714     4716.10
  147.1170     4716.10
  147.1994     4716.10
  147.2516     4716.10
  147.3234     4716.10
  147.3751     4716.10
  147.4554     4716.10
  147.5234     4716.10
  147.5780     4716.10
  147.6514     4716.10
  147.6938     4716.10
  147.7463     4716.10
  147.8074     4716.10
  147.8611     4716.10
  147.9514     4716.10
  148.0065     4716.10
  148.1114     4716.10
  148.1754     4716.10
  148.2434     4716.10
  148.3234     4716.10
  148.3954     4716.10
  148.4435     4716.10
  148.5114     4716.10
  148.5674     4716.10
  148.6196     4716.10
  148.7074     4716.10
  148.7754     4716.10
  148.8401     4716.10
  148.9154     4716.10
  148.9628     4716.10
  149.0114     4716.10
  149.0874     4716.10
  149.1634     4716.10
  149.2501     4716.10
  149.3006     4716.10
  149.3634     4716.10
  149.4072     4716.10
  149.4634     4716.10
  149.5256     4716.10
  149.6079     4716.10
  149.6914     4716.10
  149.7394     4716.10
  149.7775     4716.10
  149.8554     4716.10
  149.9154     4716.10
  149.9794     4716.10
  150.0474     4716.10
  150.1074     4716.10
  150.1554     4716.10
  150.2240     4716.10
  150.2914     4716.10
  150.3524     4716.10
  150.4274     4716.10
  150.5034     4716.10
  150.5529     4716.10
  150.6154     4716.10
  150.6822     4716.10
  150.7634     4716.10
  150.8135     4716.10
  150.8794     4716.10
  150.9562     4716.10
  151.0274     4716.10
  151.0868     4716.10
  151.1474     4716.10
  151.2132     4716.10
  151.2759     4716.10
  151.3634     4716.10
  151.4714     4716.10
  151.5777     4716.10
  151.6886     4716.10
  151.7594     4716.10
  151.8260     4716.10
  151.8645     4716.10
  151.9634     4716.10
  152.0834     4716.10
  152.1525     4716.10
  152.2514     4716.10
  152.3155     4716.10
  152.4169     4716.10
  152.5290     4716.10
  152.6536     4716.10
  152.7354     4716.10
  152.8634     4716.10
  152.9274     4716.10
  152.9954     4716.10
  153.0492     4716.10
  153.1387     4716.10
  153.2394     4716.10
  153.3925     4716.10
  153.4688     4716.10
  153.5461     4716.10
  153.6566     4716.10
  153.8394     4716.10
  153.9594     4716.10
  154.0408     4716.10
  154.1400     4716.10
  154.2743     4716.10
  154.3572     4716.10
  154.4523     4716.10
  154.5354     4716.10
  154.6420     4716.10
  154.7359     4716.10
  154.8252     4716.10
  154.9196     4716.10
  155.0434     4716.10
  155.1394     4716.10
  155.2607     4716.10
  155.4375     4716.10
  155.5594     4716.10
  155.6602     4716.10
  155.7914     4716.10
  155.9157     4716.10
  156.0010     4716.10
  156.0662     4716.10
  156.1656     4716.10
  156.2397     4716.10
  156.3474     4716.10
  156.4674     4716.10
  156.5661     4716.10
  156.6834     4716.10
  156.7668     4716.10
  156.9578     4716.10
  157.0633     4716.10
  157.2169     4716.10
  157.3551     4716.10
  157.4754     4716.10
  157.5554     4716.10
  157.6764     4716.10
  157.7877     4716.10
  157.9434     4716.10
  158.0204     4716.10
  158.0874     4716.10
  158.1371     4716.10
  158.2154     4716.10
  158.2780     4716.10
  158.3439     4716.10
  158.4114     4716.10
  158.4695     4716.10
  158.5354     4716.10
  158.6091     4716.10
  158.6885     4716.10
  158.7554     4716.10
  158.8314     4716.10
  158.9194     4716.10
  158.9816     4716.10
  159.0474     4716.10
  159.1194     4716.10
  159.1994     4716.10
  159.2594     4716.10
  159.3274     4716.10
  159.3994     4716.10
  159.4674     4716.10
  159.5434     4716.10
  159.6154     4716.10
  159.6819     4716.10
  159.7420     4716.10
  159.8314     4716.10
  159.8836     4716.10
  159.9514     4716.10
  159.9937     4716.10
  160.0584     4716.10
  160.1194     4716.10
  160.1954     4716.10
  160.2567     4716.10
  160.3054     4716.10
  160.3768     4716.10
  160.4434     4716.10
  160.4932     4716.10
  160.5594     4716.10
  160.6834     4716.10
  160.7874     4716.10
  160.8834     4716.10
  160.9688     4716.10
  161.0474     4716.10
  161.1194     4716.10
  161.1754     4716.10
  161.2554     4716.10
  161.3554     4716.10
  161.4412     4716.10
  161.5290     4716.10
  161.5834     4716.10
  161.6961     4716.10
  161.7874     4716.10
  161.8874     4716.10
  162.0402     4716.10
  162.1275     4716.10
  162.2154     4716.10
  162.3234     4716.10
  162.3777     4716.10
  162.4564     4716.10
  162.5722     4716.10
  162.7009     4716.10
  162.8021     4716.10
  162.8650     4716.10
  164.2694     4716.10
  164.3752     4716.10
  164.4575     4716.10
  164.5187     4716.10
  164.6072     4716.10
  164.7032     4716.10
  164.7763     4716.10
  164.8661     4716.10
  164.9848     4716.10
  165.0449     4716.10
  165.1512     4716.10
  165.2326     4716.10
  165.3156     4716.10
  165.3752     4716.10
  165.4620     4716.10
  165.5524     4716.10
  165.6498     4716.10
  165.7592     4716.10
  165.8297     4716.10
  165.9212     4716.10
  166.0032     4716.10
  166.1087     4716.10
  166.2330     4716.10
  166.3456     4716.10
  166.4512     4716.10
  166.5232     4716.10
  166.5849     4716.10
  166.6672     4716.10
  166.7220     4716.10
  166.8472     4716.10
  166.9072     4716.10
  166.9777     4716.10
  167.1112     4716.10
  167.1792     4716.10
  167.2873     4716.10
  167.3616     4716.10
  167.4638     4716.10
  167.5592     4716.10
  167.6610     4716.10
  167.7512     4716.10
  167.8218     4716.10
  167.9032     4716.10
  167.9712     4716.10
  168.0432     4716.10
  168.0949     4716.10
  168.1632     4716.10
  168.2850     4716.10
  168.4087     4716.10
  168.5369     4716.10
  168.6312     4716.10
  168.7112     4716.10
  168.7832     4716.10
  168.8472     4716.10
  168.8952     4716.10
  168.9792     4716.10
  169.0841     4716.10
  169.1596     4716.10
  169.2433     4716.10
  169.3353     4716.10
  169.4561     4716.10
  169.5101     4716.10
  169.5793     4716.10
  169.6334     4716.10
  169.7272     4716.10
  169.8112     4716.10
  169.8792     4716.10
  169.9362     4716.10
  170.0312     4716.10
  170.1152     4716.10
  170.2423     4716.10
  170.3112     4716.10
  170.3811     4716.10
  170.4522     4716.10
  170.5352     4716.10
  170.5816     4716.10
  170.6632     4716.10
  170.6968     4716.10
  170.7672     4716.10
  170.8272     4716.10
  170.9193     4716.10
  171.0114     4716.10
  171.0872     4716.10
  171.1473     4716.10
  171.2112     4716.10
  171.2783     4716.10
  171.3792     4716.10
  171.4336     4716.10
  171.5192     4716.10
  171.6152     4716.10
  171.6660     4716.10
  171.7392     4716.10
  171.8112     4716.10
  171.8891     4716.10
  171.9672     4716.10
  172.0712     4716.10
  172.1592     4716.10
  172.2352     4716.10
  172.3110     4716.10
  172.3776     4716.10
  172.4552     4716.10
  172.5179     4716.10
  172.6193     4716.10
  172.7272     4716.10
  172.8500     4716.10
  172.9323     4716.10
  172.9952     4716.10
  173.0792     4716.10
  173.1304     4716.10
  173.2032     4716.10
  173.2553     4716.10
  173.2902     4716.10
  173.3472     4716.10
  173.3944     4716.10
  173.4752     4716.10
  173.5272     4716.10
  173.5912     4716.10
  173.6411     4716.10
  173.7048     4716.10
  173.7672     4716.10
  173.8372     4716.10
  173.8912     4716.10
  173.9568     4716.10
  174.0112     4716.10
  174.0626     4716.10
  174.1672     4716.10
  174.2420     4716.10
  174.3289     4716.10
  174.4082     4716.10
  174.5000     4716.10
  174.6273     4716.10
  174.7765     4716.10
  174.9112     4716.10
  174.9657     4716.10
  175.0952     4716.10
  175.1779     4716.10
  175.2752     4716.10
  175.3965     4716.10
  175.4878     4716.10
  175.6436     4716.10
  175.7479     4716.10
  175.8672     4716.10
  175.9472     4716.10
  176.0552     4716.10
  176.1643     4716.10
  176.2569     4716.10
  176.3752     4716.10
  176.4272     4716.10
  176.5352     4716.10
  176.6215     4716.10
  176.6992     4716.10
  176.7562     4716.10
  176.8392     4716.10
  176.8913     4716.10
  176.9592     4716.10
  177.0432     4716.10
  177.1112     4716.10
  177.1872     4716.10
  177.2672     4716.10
  177.3632     4716.10
  177.4389     4716.10
  177.5392     4716.10
  177.6032     4716.10
  177.6832     4716.10
  177.7472     4716.10
  177.8136     4716.10
  177.8903     4716.10
  177.9552     4716.10
  178.0232     4716.10
  178.1192     4716.10
  178.1952     4716.10
  178.2592     4716.10
  178.3342     4716.10
  178.4392     4716.10
  178.4976     4716.10
  178.5672     4716.10
  178.6243     4716.10
  178.6792     4716.10
  178.7173     4716.10
  178.7912     4716.10
  178.8801     4716.10
  178.9672     4716.10
  179.0472     4716.10
  179.1180     4716.10
  179.2112     4716.10
  179.2674     4716.10
  179.3312     4716.10
  179.4046     4716.10
  179.4792     4716.10
  179.5298     4716.10
  179.6072     4716.10
  179.6752     4716.10
  179.7593     4716.10
  179.8096     4716.10
  179.8871     4716.10
  179.9752     4716.10
  180.0752     4716.10
  180.1458     4716.10
  180.2325     4716.10
  180.2978     4716.10
  180.3693     4716.10
  180.4393     4716.10
  180.4955     4716.10
  180.6032     4716.10
  180.6600     4716.10
  180.7242     4716.10
  180.7952     4716.10
  180.8592     4716.10
  180.9912     4716.10
  181.0594     4716.10
  181.1432     4716.10
  181.2401     4716.10
  181.3632     4716.10
  181.4385     4716.10
  181.5965     4716.10
  181.6446     4716.10
  181.6952     4716.10
  181.7854     4716.10
  181.8682     4716.10
  181.9633     4716.10
  182.0214     4716.10
  182.0725     4716.10
  182.1473     4716.10
  182.2482     4716.10
  182.3312     4716.10
  182.4272     4716.10
  182.5232     4716.10
  182.7192     4716.10
  182.8305     4716.10
  182.8992     4716.10
  183.0009     4716.10
  183.0791     4716.10
  183.1740     4716.10
  183.3006     4716.10
  183.4205     4716.10
  183.4969     4716.10
  183.5810     4716.10
  183.6815     4716.10
  183.7558     4716.10
  183.8448     4716.10
  183.9255     4716.10
  184.0112     4716.10
  184.0792     4716.10
  184.1575     4716.10
  184.2279     4716.10
  184.3232     4716.10
  184.4312     4716.10
  184.5633     4716.10
  184.6712     4716.10
  184.7672     4716.10
  184.8728     4716.10
  184.9607     4716.10
  185.0461     4716.10
  185.1816     4716.10
  185.2912     4716.10
  185.3896     4716.10
  185.4767     4716.10
  185.5757     4716.10
  185.7055     4716.10
  185.8041     4716.10
  185.8792     4716.10
  185.9936     4716.10
  186.0712     4716.10
  186.1419     4716.10
  186.2278     4716.10
  186.2878     4716.10
  186.3729     4716.10
  186.5282     4716.10
  186.6273     4716.10
  186.7632     4716.10
  186.8176     4716.10
  186.8912     4716.10
  186.9750     4716.10
  187.1283     4716.10
  187.2022     4716.10
  187.3290     4716.10
  187.4553     4716.10
  187.5179     4716.10
  187.6590     4716.10
  187.7175     4716.10
  187.7984     4716.10
  187.8786     4716.10
  187.9511     4716.10
  188.0557     4716.10
  188.1303     4716.10
  188.2372     4716.10
  188.3813     4716.10
  188.4453     4716.10
  188.5034     4716.10
  188.6290     4716.10
  188.7331     4716.10
  188.8640     4716.10
  188.9727     4716.10
  189.1166     4716.10
  189.1952     4716.10
  189.3157     4716.10
  189.4832     4716.10
  189.5438     4716.10
  189.6767     4716.10
  189.8192     4716.10
  190.0252     4716.10
  190.1033     4716.10
  190.2312     4716.10
  190.3186     4716.10
  190.4039     4716.10
  190.4952     4716.10
  190.5547     4716.10
  190.6198     4716.10
  190.7032     4716.10
  190.7806     4716.10
  190.8792     4716.10
  190.9452     4716.10
  191.0153     4716.10
  191.0993     4716.10
  191.1723     4716.10
  191.2632     4716.10
  191.3392     4716.10
  191.4112     4716.10
  191.4992     4716.10
  191.5721     4716.10
  191.6712     4716.10
  191.7392     4716.10
  191.8352     4716.10
  191.9232     4716.10
  192.0072     4716.10
  192.0712     4716.10
  192.1241     4716.10
  192.2112     4716.10
  192.3113     4716.10
  192.3936     4716.10
  192.4672     4716.10
  192.5409     4716.10
  192.6317     4716.10
  192.7025     4716.10
  192.7847     4716.10
  192.8752     4716.10
  192.9512     4716.10
  193.0392     4716.10
  193.1192     4716.10
  193.2112     4716.10
  193.2786     4716.10
  193.3873     4716.10
  193.4913     4716.10
  193.5512     4716.10
  193.6232     4716.10
  193.7395     4716.10
  193.9112     4716.10
  193.9816     4716.10
  194.0858     4716.10
  194.1656     4716.10
  194.2430     4716.10
  194.3216     4716.10
  194.4472     4716.10
  194.5112     4716.10
  194.6073     4716.10
  194.6599     4716.10
  194.7476     4716.10
  194.8272     4716.10
  194.8949     4716.10
  195.0352     4716.10
  195.0881     4716.10
  195.1592     4716.10
  195.2392     4716.10
  195.3716     4716.10
  195.4632     4716.10
  195.5686     4716.10
  195.6593     4716.10
  195.7552     4716.10
  195.8112     4716.10
  195.8952     4716.10
  195.9808     4716.10
  196.0952     4716.10
  196.1520     4716.10
  196.2462     4716.10
  196.3593     4716.10
  196.4513     4716.10
  197.9385     4716.10
  198.0269     4716.10
  198.1425     4716.10
  198.2385     4716.10
  198.3709     4716.10
  198.4705     4716.10
  198.5425     4716.10
  198.6050     4716.10
  198.7345     4716.10
  198.8402     4716.10
  198.9265     4716.10
  198.9879     4716.10
  199.0650     4716.10
  199.1470     4716.10
  199.2132     4716.10
  199.3228     4716.10
  199.3922     4716.10
  199.4761     4716.10
  199.5601     4716.10
  199.6511     4716.10
  199.7092     4716.10
  199.7776     4716.10
  199.8625     4716.10
  199.9188     4716.10
  199.9985     4716.10
  200.0643     4716.10
  200.1705     4716.10
  200.2345     4716.10
  200.3239     4716.10
  200.4025     4716.10
  200.4597     4716.10
  200.5225     4716.10
  200.5945     4716.10
  200.6561     4716.10
  200.7830     4716.10
  200.9545     4716.10
  201.0271     4716.10
  201.1379     4716.10
  201.2505     4716.10
  201.3625     4716.10
  201.5159     4716.10
  201.6163     4716.10
  201.7079     4716.10
  201.7994     4716.10
  201.8708     4716.10
  201.9585     4716.10
  202.0310     4716.10
  202.1345     4716.10
  202.1953     4716.10
  202.2847     4716.10
  202.3661     4716.10
  202.4390     4716.10
  202.5005     4716.10
  202.6025     4716.10
  202.7277     4716.10
  202.7905     4716.10
  202.9046     4716.10
  202.9665     4716.10
  203.0425     4716.10
  203.1545     4716.10
  203.2465     4716.10
  203.2928     4716.10
  203.3665     4716.10
  203.4745     4716.10
  203.5316     4716.10
  203.6802     4716.10
  203.7665     4716.10
  203.8803     4716.10
  203.9893     4716.10
  204.0932     4716.10
  204.1665     4716.10
  204.2346     4716.10
  204.3425     4716.10
  204.4214     4716.10
  204.5105     4716.10
  204.5865     4716.10
  204.6545     4716.10
  204.7425     4716.10
  204.8145     4716.10
  204.8805     4716.10
  204.9865     4716.10
  205.0673     4716.10
  205.1385     4716.10
  205.2035     4716.10
  205.2853     4716.10
  205.3465     4716.10
  205.4105     4716.10
  205.5069     4716.10
  205.6145     4716.10
  205.6825     4716.10
  205.7545     4716.10
  205.8050     4716.10
  205.8541     4716.10
  205.9185     4716.10
  205.9625     4716.10
  206.0345     4716.10
  206.0985     4716.10
  206.1785     4716.10
  206.2305     4716.10
  206.3105     4716.10
  206.4145     4716.10
  206.5145     4716.10
  206.5945     4716.10
  206.6665     4716.10
  206.7054     4716.10
  206.7633     4716.10
  206.8093     4716.10
  206.8947     4716.10
  206.9640     4716.10
  207.0223     4716.10
  207.0906     4716.10
  207.1705     4716.10
  207.2425     4716.10
  207.3119     4716.10
  207.3947     4716.10
  207.4625     4716.10
  207.5665     4716.10
  207.7145     4716.10
  207.7810     4716.10
  207.8625     4716.10
  207.9246     4716.10
  207.9945     4716.10
  208.0472     4716.10
  208.1145     4716.10
  208.1856     4716.10
  208.2425     4716.10
  208.3185     4716.10
  208.3825     4716.10
  208.4465     4716.10
  208.4989     4716.10
  208.5705     4716.10
  208.6305     4716.10
  208.7105     4716.10
  208.7705     4716.10
  208.8425     4716.10
  208.9009     4716.10
  208.9665     4716.10
  209.0145     4716.10
  209.1014     4716.10
  209.2169     4716.10
  209.3105     4716.10
  209.3691     4716.10
  209.4785     4716.10
  209.5705     4716.10
  209.6884     4716.10
  209.7792     4716.10
  209.8328     4716.10
  209.9425     4716.10
  210.0248     4716.10
  210.1149     4716.10
  210.2465     4716.10
  210.3037     4716.10
  210.4465     4716.10
  210.5675     4716.10
  210.6545     4716.10
  210.7345     4716.10
  210.8265     4716.10
  210.9825     4716.10
  211.0625     4716.10
  211.1705     4716.10
  211.2665     4716.10
  211.3465     4716.10
  211.4110     4716.10
  211.4905     4716.10
  211.6246     4716.10
  211.6927     4716.10
  211.8354     4716.10
  211.9225     4716.10
  212.0119     4716.10
  212.1065     4716.10
  212.1865     4716.10
  212.3065     4716.10
  212.3745     4716.10
  212.4373     4716.10
  212.5745     4716.10
  212.6385     4716.10
  212.7345     4716.10
  212.7964     4716.10
  212.8638     4716.10
  212.9402     4716.10
  212.9945     4716.10
  213.0515     4716.10
  213.1246     4716.10
  213.1906     4716.10
  213.2625     4716.10
  213.3425     4716.10
  213.4314     4716.10
  213.5347     4716.10
  213.6596     4716.10
  213.7785     4716.10
  213.8607     4716.10
  213.9425     4716.10
  214.0665     4716.10
  214.1426     4716.10
  214.2347     4716.10
  214.3267     4716.10
  214.4145     4716.10
  214.5745     4716.10
  214.6345     4716.10
  214.7145     4716.10
  214.8453     4716.10
  214.9595     4716.10
  215.0429     4716.10
  215.1145     4716.10
  215.2145     4716.10
  215.2668     4716.10
  215.3206     4716.10
  215.3730     4716.10
  215.4339     4716.10
  215.5025     4716.10
  215.5865     4716.10
  215.6625     4716.10
  215.7225     4716.10
  215.7825     4716.10
  215.8385     4716.10
  215.9065     4716.10
  215.9809     4716.10
  216.1052     4716.10
  216.1840     4716.10
  216.2585     4716.10
  216.3385     4716.10
  216.4025     4716.10
  216.4865     4716.10
  216.5665     4716.10
  216.6285     4716.10
  216.7185     4716.10
  216.7818     4716.10
  216.8665     4716.10
  216.9345     4716.10
  217.0652     4716.10
  217.1505     4716.10
  217.2072     4716.10
  217.3345     4716.10
  217.4025     4716.10
  217.4733     4716.10
  217.5745     4716.10
  217.6585     4716.10
  217.8105     4716.10
  217.8985     4716.10
  217.9785     4716.10
  218.0513     4716.10
  218.1305     4716.10
  218.2185     4716.10
  218.2945     4716.10
  218.3599     4716.10
  218.4505     4716.10
  218.4985     4716.10
  218.5825     4716.10
  218.6505     4716.10
  218.7145     4716.10
  218.7825     4716.10
  218.8545     4716.10
  218.9505     4716.10
  219.0105     4716.10
  219.0522     4716.10
  219.1225     4716.10
  219.1865     4716.10
  219.2585     4716.10
  219.3385     4716.10
  219.3929     4716.10
  219.4585     4716.10
  219.4973     4716.10
  219.5665     4716.10
  219.6145     4716.10
  219.6708     4716.10
  219.7367     4716.10
  219.7972     4716.10
  219.8905     4716.10
  220.0065     4716.10
  220.1025     4716.10
  220.2451     4716.10
  220.3790     4716.10
  220.4833     4716.10
  220.5585     4716.10
  220.6585     4716.10
  220.7385     4716.10
  220.8185     4716.10
  220.8745     4716.10
  220.9585     4716.10
  221.0225     4716.10
  221.0866     4716.10
  221.1585     4716.10
  221.2310     4716.10
  221.3185     4716.10
  221.4265     4716.10
  221.5705     4716.10
  221.7105     4716.10
  221.8035     4716.10
  221.8881     4716.10
  221.9705     4716.10
  222.1243     4716.10
  222.2546     4716.10
  222.4152     4716.10
  222.5011     4716.10
  222.5876     4716.10
  222.7025     4716.10
  222.7683     4716.10
  222.9071     4716.10
  222.9843     4716.10
  223.0630     4716.10
  223.1390     4716.10
  223.2187     4716.10
  223.3265     4716.10
  223.4239     4716.10
  223.5550     4716.10
  223.6487     4716.10
  223.7210     4716.10
  223.8665     4716.10
  223.9873     4716.10
  224.1025     4716.10
  224.2185     4716.10
  224.2794     4716.10
  224.3705     4716.10
  224.4585     4716.10
  224.5267     4716.10
  224.6283     4716.10
  224.7038     4716.10
  224.7721     4716.10
  224.8802     4716.10
  224.9585     4716.10
  225.0411     4716.10
  225.1705     4716.10
  225.2631     4716.10
  225.3126     4716.10
  225.4185     4716.10
  225.5070     4716.10
  225.5765     4716.10
  225.6998     4716.10
  225.8665     4716.10
  225.9527     4716.10
  226.0425     4716.10
  226.1087     4716.10
  226.1945     4716.10
  226.2393     4716.10
  226.2920     4716.10
  226.3825     4716.10
  226.5165     4716.10
  226.6185     4716.10
  226.6951     4716.10
  226.8105     4716.10
  226.8970     4716.10
  226.9945     4716.10
  227.1065     4716.10
  227.1905     4716.10
  227.2905     4716.10
  227.3559     4716.10
  227.4147     4716.10
  227.5185     4716.10
  227.5922     4716.10
  227.6838     4716.10
  227.7545     4716.10
  227.8349     4716.10
  227.9465     4716.10
  228.0305     4716.10
  228.1096     4716.10
  228.2145     4716.10
  228.2845     4716.10
  228.3505     4716.10
  228.4305     4716.10
  228.5185     4716.10
  228.6265     4716.10
  228.6859     4716.10
  228.8185     4716.10
  228.8905     4716.10
  228.9727     4716.10
  229.1265     4716.10
  229.2118     4716.10
  229.3515     4716.10
  229.4185     4716.10
  229.5040     4716.10
  229.6034     4716.10
  229.6806     4716.10
  229.7617     4716.10
  229.8625     4716.10
  229.9300     4716.10
  230.0265     4716.10
  230.1159     4716.10
  231.6943     4716.10
  231.7847     4716.10
  231.9188     4716.10
  232.0356     4716.10
  232.1186     4716.10
  232.2196     4716.10
  232.3103     4716.10
  232.4183     4716.10
  232.4903     4716.10
  232.5869     4716.10
  232.6903     4716.10
  232.7703     4716.10
  232.8348     4716.10
  232.9399     4716.10
  233.0155     4716.10
  233.1239     4716.10
  233.2288     4716.10
  233.3343     4716.10
  233.4263     4716.10
  233.5133     4716.10
  233.6263     4716.10
  233.7103     4716.10
  233.7772     4716.10
  233.8863     4716.10
  233.9609     4716.10
  234.0482     4716.10
  234.1263     4716.10
  234.1888     4716.10
  234.2757     4716.10
  234.3583     4716.10
  234.4263     4716.10
  234.5223     4716.10
  234.6023     4716.10
  234.7146     4716.10
  234.8143     4716.10
  234.9063     4716.10
  234.9743     4716.10
  235.0503     4716.10
  235.1343     4716.10
  235.2223     4716.10
  235.2943     4716.10
  235.3823     4716.10
  235.4537     4716.10
  235.5144     4716.10
  235.5843     4716.10
  235.6678     4716.10
  235.7119     4716.10
  235.7684     4716.10
  235.8379     4716.10
  235.9263     4716.10
  235.9878     4716.10
  236.0503     4716.10
  236.1343     4716.10
  236.1999     4716.10
  236.3189     4716.10
  236.4188     4716.10
  236.5068     4716.10
  236.5903     4716.10
  236.6943     4716.10
  236.7983     4716.10
  236.8859     4716.10
  236.9583     4716.10
  237.0048     4716.10
  237.0873     4716.10
  237.2248     4716.10
  237.3113     4716.10
  237.4347     4716.10
  237.5850     4716.10
  237.7314     4716.10
  237.8223     4716.10
  237.9063     4716.10
  237.9823     4716.10
  238.0624     4716.10
  238.1543     4716.10
  238.2416     4716.10
  238.3283     4716.10
  238.4303     4716.10
  238.4918     4716.10
  238.5903     4716.10
  238.6376     4716.10
  238.7183     4716.10
  238.7668     4716.10
  238.8543     4716.10
  238.9041     4716.10
  238.9943     4716.10
  239.0665     4716.10
  239.1423     4716.10
  239.2437     4716.10
  239.3270     4716.10
  239.4425     4716.10
  239.5743     4716.10
  239.6393     4716.10
  239.6983     4716.10
  239.7703     4716.10
  239.8183     4716.10
  239.8943     4716.10
  239.9663     4716.10
  240.0263     4716.10
  240.0823     4716.10
  240.1663     4716.10
  240.2266     4716.10
  240.2943     4716.10
  240.3417     4716.10
  240.4383     4716.10
  240.4903     4716.10
  240.5484     4716.10
  240.6263     4716.10
  240.6861     4716.10
  240.7404     4716.10
  240.8463     4716.10
  240.9303     4716.10
  241.0130     4716.10
  241.1423     4716.10
  241.2023     4716.10
  241.2823     4716.10
  241.3530     4716.10
  241.4496     4716.10
  241.5143     4716.10
  241.5714     4716.10
  241.6601     4716.10
  241.7663     4716.10
  241.8204     4716.10
  241.9113     4716.10
  242.0383     4716.10
  242.1263     4716.10
  242.1821     4716.10
  242.2623     4716.10
  242.3583     4716.10
  242.4162     4716.10
  242.4940     4716.10
  242.5943     4716.10
  242.6383     4716.10
  242.7143     4716.10
  242.7801     4716.10
  242.8623     4716.10
  242.9383     4716.10
  243.0129     4716.10
  243.1103     4716.10
  243.1843     4716.10
  243.2848     4716.10
  243.3703     4716.10
  243.4285     4716.10
  243.4863     4716.10
  243.5663     4716.10
  243.6423     4716.10
  243.7063     4716.10
  243.7518     4716.10
  243.8303     4716.10
  243.8983     4716.10
  243.9623     4716.10
  244.0108     4716.10
  244.0863     4716.10
  244.1583     4716.10
  244.2105     4716.10
  244.2903     4716.10
  244.3411     4716.10
  244.4103     4716.10
  244.4823     4716.10
  244.5436     4716.10
  244.5879     4716.10
  244.6543     4716.10
  244.7238     4716.10
  244.7937     4716.10
  244.8743     4716.10
  244.9263     4716.10
  244.9826     4716.10
  245.0383     4716.10
  245.0893     4716.10
  245.1863     4716.10
  245.2383     4716.10
  245.3103     4716.10
  245.3703     4716.10
  245.4303     4716.10
  245.4983     4716.10
  245.5489     4716.10
  245.6169     4716.10
  245.6915     4716.10
  245.7863     4716.10
  245.8704     4716.10
  245.9526     4716.10
  246.0183     4716.10
  246.0744     4716.10
  246.1583     4716.10
  246.2066     4716.10
  246.2823     4716.10
  246.3743     4716.10
  246.4583     4716.10
  246.5143     4716.10
  246.5623     4716.10
  246.6080     4716.10
  246.6663     4716.10
  246.7251     4716.10
  246.7863     4716.10
  246.8463     4716.10
  246.9183     4716.10
  246.9842     4716.10
  247.0486     4716.10
  247.1371     4716.10
  247.1971     4716.10
  247.2823     4716.10
  247.3396     4716.10
  247.4223     4716.10
  247.4827     4716.10
  247.5543     4716.10
  247.5983     4716.10
  247.6623     4716.10
  247.7211     4716.10
  247.8063     4716.10
  247.8823     4716.10
  247.9783     4716.10
  248.0426     4716.10
  248.1143     4716.10
  248.1903     4716.10
  248.2543     4716.10
  248.3099     4716.10
  248.3783     4716.10
  248.4463     4716.10
  248.5069     4716.10
  248.5783     4716.10
  248.6350     4716.10
  248.7103     4716.10
  248.7863     4716.10
  248.8562     4716.10
  248.9383     4716.10
  248.9850     4716.10
  249.0503     4716.10
  249.1023     4716.10
  249.1703     4716.10
  249.2360     4716.10
  249.3063     4716.10
  249.3663     4716.10
  249.4423     4716.10
  249.5023     4716.10
  249.5703     4716.10
  249.6303     4716.10
  249.7023     4716.10
  249.7663     4716.10
  249.8303     4716.10
  249.9183     4716.10
  249.9783     4716.10
  250.0663     4716.10
  250.1132     4716.10
  250.1703     4716.10
  250.2211     4716.10
  250.2903     4716.10
  250.3705     4716.10
  250.4503     4716.10
  250.5263     4716.10
  250.6103     4716.10
  250.6844     4716.10
  250.7863     4716.10
  250.8703     4716.10
  250.9263     4716.10
  250.9863     4716.10
  251.0583     4716.10
  251.1160     4716.10
  251.1964     4716.10
  251.2623     4716.10
  251.3206     4716.10
  251.3885     4716.10
  251.4503     4716.10
  251.5103     4716.10
  251.5823     4716.10
  251.6516     4716.10
  251.7063     4716.10
  251.7799     4716.10
  251.8783     4716.10
  251.9663     4716.10
  252.0443     4716.10
  252.1531     4716.10
  252.2383     4716.10
  252.3090     4716.10
  252.3674     4716.10
  252.4623     4716.10
  252.5002     4716.10
  252.5803     4716.10
  252.6743     4716.10
  252.7463     4716.10
  252.8238     4716.10
  252.8791     4716.10
  252.9863     4716.10
  253.0983     4716.10
  253.1608     4716.10
  253.2303     4716.10
  253.3063     4716.10
  253.3740     4716.10
  253.4783     4716.10
  253.5277     4716.10
  253.5903     4716.10
  253.6863     4716.10
  253.7607     4716.10
  253.8483     4716.10
  253.9187     4716.10
  254.0263     4716.10
  254.1408     4716.10
  254.2487     4716.10
  254.3183     4716.10
  254.3743     4716.10
  254.4783     4716.10
  254.5409     4716.10
  254.6103     4716.10
  254.6723     4716.10
  254.7543     4716.10
  254.8223     4716.10
  254.8783     4716.10
  254.9410     4716.10
  255.0423     4716.10
  255.1466     4716.10
  255.2392     4716.10
  255.3384     4716.10
  255.4103     4716.10
  255.4743     4716.10
  255.5823     4716.10
  255.6823     4716.10
  255.7743     4716.10
  255.8481     4716.10
  255.9637     4716.10
  256.0863     4716.10
  256.2043     4716.10
  256.2864     4716.10
  256.3623     4716.10
  256.4323     4716.10
  256.5143     4716.10
  256.5983     4716.10
  256.6623     4716.10
  256.7263     4716.10
  256.8139     4716.10
  256.8983     4716.10
  256.9743     4716.10
  257.0463     4716.10
  257.1034     4716.10
  257.1743     4716.10
  257.2347     4716.10
  257.3103     4716.10
  257.3770     4716.10
  257.4423     4716.10
  257.4924     4716.10
  257.5543     4716.10
  257.5923     4716.10
  257.6663     4716.10
  257.7134     4716.10
  257.8063     4716.10
  257.8708     4716.10
  257.9463     4716.10
  257.9949     4716.10
  258.0823     4716.10
  258.1562     4716.10
  258.2395     4716.10
  258.3375     4716.10
  258.4664     4716.10
  258.5303     4716.10
  258.5934     4716.10
  258.6623     4716.10
  258.7181     4716.10
  258.7863     4716.10
  258.8743     4716.10
  258.9463     4716.10
  259.0103     4716.10
  259.0835     4716.10
  259.1639     4716.10
  259.2110     4716.10
  259.2902     4716.10
  259.3623     4716.10
  259.4223     4716.10
  259.4863     4716.10
  259.5530     4716.10
  259.6263     4716.10
  259.6943     4716.10
  259.7503     4716.10
  259.8143     4716.10
  259.8705     4716.10
  259.9223     4716.10
  259.9903     4716.10
  260.0719     4716.10
  260.1383     4716.10
  260.2103     4716.10
  260.2903     4716.10
  260.3507     4716.10
  260.4183     4716.10
  260.4681     4716.10
  260.5505     4716.10
  260.6503     4716.10
  260.7079     4716.10
  260.7983     4716.10
  260.8938     4716.10
  261.0183     4716.10
  261.1904     4716.10
  261.2917     4716.10
  261.3843     4716.10
  261.4583     4716.10
  261.5383     4716.10
  261.5866     4716.10
  261.6863     4716.10
  261.7543     4716.10
  261.8343     4716.10
  261.8983     4716.10
  261.9743     4716.10
  262.0556     4716.10
  262.1463     4716.10
  262.2303     4716.10
  262.3030     4716.10
  262.3743     4716.10
  262.4463     4716.10
  262.5143     4716.10
  262.5708     4716.10
  262.6463     4716.10
  262.7463     4716.10
  262.7906     4716.10
  262.8583     4716.10
  262.9108     4716.10
  262.9903     4716.10
  263.0583     4716.10
  263.1402     4716.10
  263.2443     4716.10
  263.3343     4716.10
  263.3891     4716.10
  263.4783     4716.10
  263.5423     4716.10
  263.6063     4716.10
  263.6663     4716.10
  263.7539     4716.10
  263.8263     4716.10
  263.8863     4716.10
  263.9663     4716.10
  264.0409     4716.10
  264.1124     4716.10
  265.5767     4716.10
  265.6429     4716.10
  265.7087     4716.10
  265.7727     4716.10
  265.8383     4716.10
  265.9111     4716.10
  265.9847     4716.10
  266.0527     4716.10
  266.1275     4716.10
  266.2095     4716.10
  266.3127     4716.10
  266.3906     4716.10
  266.4567     4716.10
  266.5287     4716.10
  266.6007     4716.10
  266.6687     4716.10
  266.7567     4716.10
  266.8414     4716.10
  266.9247     4716.10
  266.9727     4716.10
  267.0447     4716.10
  267.1047     4716.10
  267.1647     4716.10
  267.2287     4716.10
  267.2861     4716.10
  267.3767     4716.10
  267.4487     4716.10
  267.5167     4716.10
  267.5767     4716.10
  267.6442     4716.10
  267.7246     4716.10
  267.8303     4716.10
  267.9073     4716.10
  267.9958     4716.10
  268.0847     4716.10
  268.1687     4716.10
  268.3017     4716.10
  268.3572     4716.10
  268.4367     4716.10
  268.5127     4716.10
  268.5887     4716.10
  268.6515     4716.10
  268.7407     4716.10
  268.8045     4716.10
  268.8887     4716.10
  268.9426     4716.10
  269.0004     4716.10
  269.1007     4716.10
  269.1617     4716.10
  269.2374     4716.10
  269.3127     4716.10
  269.3954     4716.10
  269.4568     4716.10
  269.5247     4716.10
  269.5952     4716.10
  269.6567     4716.10
  269.7138     4716.10
  269.7701     4716.10
  269.8487     4716.10
  269.9247     4716.10
  269.9785     4716.10
  270.0437     4716.10
  270.1287     4716.10
  270.2007     4716.10
  270.2833     4716.10
  270.3762     4716.10
  270.4647     4716.10
  270.5472     4716.10
  270.6487     4716.10
  270.7207     4716.10
  270.7870     4716.10
  270.8767     4716.10
  270.9727     4716.10
  271.0367     4716.10
  271.1167     4716.10
  271.2047     4716.10
  271.2431     4716.10
  271.3087     4716.10
  271.3957     4716.10
  271.5367     4716.10
  271.5938     4716.10
  271.6994     4716.10
  271.7887     4716.10
  271.8395     4716.10
  271.8986     4716.10
  271.9727     4716.10
  272.0727     4716.10
  272.1727     4716.10
  272.2460     4716.10
  272.3105     4716.10
  272.3972     4716.10
  272.5249     4716.10
  272.6287     4716.10
  272.7063     4716.10
  272.8007     4716.10
  272.8384     4716.10
  272.9327     4716.10
  273.0767     4716.10
  273.1415     4716.10
  273.2492     4716.10
  273.3407     4716.10
  273.4250     4716.10
  273.4914     4716.10
  273.6207     4716.10
  273.6714     4716.10
  273.7407     4716.10
  273.8247     4716.10
  273.9127     4716.10
  274.0124     4716.10
  274.0767     4716.10
  274.1647     4716.10
  274.2487     4716.10
  274.3328     4716.10
  274.3966     4716.10
  274.4605     4716.10
  274.5167     4716.10
  274.5847     4716.10
  274.6607     4716.10
  274.7167     4716.10
  274.7722     4716.10
  274.8407     4716.10
  274.8895     4716.10
  274.9567     4716.10
  275.0031     4716.10
  275.0542     4716.10
  275.1201     4716.10
  275.2447     4716.10
  275.3290     4716.10
  275.4377     4716.10
  275.5354     4716.10
  275.6064     4716.10
  275.6874     4716.10
  275.7430     4716.10
  275.8567     4716.10
  275.9327     4716.10
  276.0127     4716.10
  276.1093     4716.10
  276.1727     4716.10
  276.2807     4716.10
  276.3448     4716.10
  276.4167     4716.10
  276.5167     4716.10
  276.6007     4716.10
  276.7066     4716.10
  276.7782     4716.10
  276.8847     4716.10
  276.9821     4716.10
  277.0781     4716.10
  277.1607     4716.10
  277.3094     4716.10
  277.4467     4716.10
  277.6167     4716.10
  277.7085     4716.10
  277.8739     4716.10
  277.9487     4716.10
  278.1007     4716.10
  278.2011     4716.10
  278.3233     4716.10
  278.4453     4716.10
  278.5148     4716.10
  278.6772     4716.10
  278.8021     4716.10
  278.9407     4716.10
  279.0261     4716.10
  279.1196     4716.10
  279.2892     4716.10
  279.3927     4716.10
  279.4407     4716.10
  279.4967     4716.10
  279.5807     4716.10
  279.6390     4716.10
  279.7327     4716.10
  279.8047     4716.10
  279.8767     4716.10
  279.9492     4716.10
  280.0407     4716.10
  280.1287     4716.10
  280.2207     4716.10
  280.3287     4716.10
  280.4069     4716.10
  280.4783     4716.10
  280.6087     4716.10
  280.6853     4716.10
  280.7458     4716.10
  280.8567     4716.10
  280.9628     4716.10
  281.0247     4716.10
  281.1504     4716.10
  281.1994     4716.10
  281.2731     4716.10
  281.3818     4716.10
  281.4625     4716.10
  281.6047     4716.10
  281.7028     4716.10
  281.7968     4716.10
  281.8737     4716.10
  281.9847     4716.10
  282.0647     4716.10
  282.1167     4716.10
  282.2687     4716.10
  282.3371     4716.10
  282.4167     4716.10
  282.5127     4716.10
  282.5948     4716.10
  282.7047     4716.10
  282.8087     4716.10
  282.8927     4716.10
  283.0007     4716.10
  283.0567     4716.10
  283.2327     4716.10
  283.3767     4716.10
  283.5007     4716.10
  283.6672     4716.10
  283.8047     4716.10
  283.9487     4716.10
  284.0967     4716.10
  284.1737     4716.10
  284.2373     4716.10
  284.3327     4716.10
  284.4167     4716.10
  284.5430     4716.10
  284.6505     4716.10
  284.7927     4716.10
  284.8700     4716.10
  284.9687     4716.10
  285.0439     4716.10
  285.1814     4716.10
  285.2749     4716.10
  285.3695     4716.10
  285.4327     4716.10
  285.5049     4716.10
  285.6327     4716.10
  285.7333     4716.10
  285.8007     4716.10
  285.8538     4716.10
  285.9527     4716.10
  286.0661     4716.10
  286.1889     4716.10
  286.2607     4716.10
  286.3487     4716.10
  286.3999     4716.10
  286.5007     4716.10
  286.5614     4716.10
  286.6607     4716.10
  286.7367     4716.10
  286.8327     4716.10
  286.9167     4716.10
  286.9876     4716.10
  287.0607     4716.10
  287.1167     4716.10
  287.1927     4716.10
  287.2354     4716.10
  287.3287     4716.10
  287.4127     4716.10
  287.4748     4716.10
  287.5487     4716.10
  287.6207     4716.10
  287.7067     4716.10
  287.7712     4716.10
  287.8629     4716.10
  288.0016     4716.10
  288.0854     4716.10
  288.1672     4716.10
  288.2309     4716.10
  288.3247     4716.10
  288.4113     4716.10
  288.5287     4716.10
  288.6007     4716.10
  288.6661     4716.10
  288.7607     4716.10
  288.8603     4716.10
  288.9527     4716.10
  289.0206     4716.10
  289.1087     4716.10
  289.1807     4716.10
  289.2487     4716.10
  289.3309     4716.10
  289.4007     4716.10
  289.4727     4716.10
  289.5527     4716.10
  289.6345     4716.10
  289.7487     4716.10
  289.8134     4716.10
  289.9189     4716.10
  290.0807     4716.10
  290.1903     4716.10
  290.3056     4716.10
  290.3875     4716.10
  290.4515     4716.10
  290.5327     4716.10
  290.6287     4716.10
  290.6767     4716.10
  290.7578     4716.10
  290.8367     4716.10
  290.8781     4716.10
  290.9367     4716.10
  290.9816     4716.10
  291.0382     4716.10
  291.1161     4716.10
  291.1807     4716.10
  291.2727     4716.10
  291.3407     4716.10
  291.4048     4716.10
  291.4751     4716.10
  291.5503     4716.10
  291.6141     4716.10
  291.6767     4716.10
  291.7405     4716.10
  291.8127     4716.10
  291.8607     4716.10
  291.9367     4716.10
  292.0127     4716.10
  292.0767     4716.10
  292.1407     4716.10
  292.2251     4716.10
  292.2807     4716.10
  292.3574     4716.10
  292.4487     4716.10
  292.4910     4716.10
  292.5727     4716.10
  292.6407     4716.10
  292.7087     4716.10
  292.7624     4716.10
  292.8167     4716.10
  292.8847     4716.10
  292.9447     4716.10
  293.0031     4716.10
  293.1064     4716.10
  293.2442     4716.10
  293.3434     4716.10
  293.4127     4716.10
  293.4847     4716.10
  293.5501     4716.10
  293.6127     4716.10
  293.6727     4716.10
  293.7607     4716.10
  293.8407     4716.10
  293.9207     4716.10
  294.0247     4716.10
  294.0982     4716.10
  294.1887     4716.10
  294.2606     4716.10
  294.3344     4716.10
  294.4116     4716.10
  294.4807     4716.10
  294.5527     4716.10
  294.6357     4716.10
  294.6971     4716.10
  294.7647     4716.10
  294.8188     4716.10
  294.8807     4716.10
  294.9499     4716.10
  295.0687     4716.10
  295.1967     4716.10
  295.2995     4716.10
  295.3544     4716.10
  295.4167     4716.10
  295.4767     4716.10
  295.5514     4716.10
  295.6327     4716.10
  295.6978     4716.10
  295.7497     4716.10
  295.8121     4716.10
  295.9430     4716.10
  296.0352     4716.10
  296.1327     4716.10
  296.2768     4716.10
  296.3901     4716.10
  296.5373     4716.10
  296.6367     4716.10
  296.7000     4716.10
  296.7927     4716.10
  296.8622     4716.10
  296.9194     4716.10
  296.9672     4716.10
  297.0247     4716.10
  297.0967     4716.10
  297.1542     4716.10
  297.2233     4716.10
  297.3532     4716.10
  297.4199     4716.10
  297.5068     4716.10
  297.5807     4716.10
  297.6554     4716.10
  297.7273     4716.10
  297.8287     4716.10
  297.9367     4716.10
  298.0227     4716.10
  299.5051     4716.10
  299.6066     4716.10
  299.7051     4716.10
  299.8293     4716.10
  299.9081     4716.10
  299.9811     4716.10
  300.0488     4716.10
